id	ev	het
1	1988	43
2	1988	51
3	1989	11
4	1989	27
5	1989	31
6	1989	35
7	1989	39
8	1989	43
9	1989	47
10	1989	52
11	1990	4
12	1990	8
13	1990	12
14	1990	17
15	1990	21
16	1990	26
17	1990	30
18	1990	34
19	1990	39
20	1990	43
21	1990	47
22	1990	52
23	1991	4
24	1991	9
25	1991	13
26	1991	17
27	1991	21
28	1991	26
29	1991	30
30	1991	34
31	1991	39
32	1991	43
33	1991	48
34	1991	53
35	1992	3
36	1992	5
37	1992	7
38	1992	9
39	1992	11
40	1992	13
41	1992	15
42	1992	17
43	1992	19
44	1992	21
45	1992	24
46	1992	26
47	1992	28
48	1992	30
49	1992	32
50	1992	35
51	1992	37
52	1992	39
53	1992	41
54	1992	43
55	1992	46
56	1992	48
57	1992	50
58	1992	52
59	1993	2
60	1993	4
61	1993	6
62	1993	8
63	1993	10
64	1993	12
65	1993	14
66	1993	16
67	1993	19
68	1993	21
69	1993	23
70	1993	25
71	1993	28
72	1993	30
73	1993	32
74	1993	34
75	1993	36
76	1993	38
77	1993	41
78	1993	43
79	1993	44
80	1993	45
81	1993	46
82	1993	47
83	1993	49
84	1993	50
85	1993	51
86	1993	52
87	1993	53
88	1994	1
89	1994	2
90	1994	3
91	1994	4
92	1994	5
93	1994	6
94	1994	7
95	1994	8
96	1994	9
97	1994	10
98	1994	11
99	1994	12
100	1994	13
101	1994	14
102	1994	15
103	1994	16
104	1994	17
105	1994	18
106	1994	19
107	1994	20
108	1994	21
109	1994	22
110	1994	23
111	1994	24
112	1994	25
113	1994	26
114	1994	27
115	1994	28
116	1994	29
117	1994	30
118	1994	31
119	1994	32
120	1994	33
121	1994	34
122	1994	35
123	1994	36
124	1994	37
125	1994	38
126	1994	39
127	1994	40
128	1994	41
129	1994	42
130	1994	43
131	1994	44
132	1994	45
133	1994	46
134	1994	47
135	1994	48
136	1994	49
137	1994	50
138	1994	51
139	1994	52
140	1995	1
141	1995	2
142	1995	3
143	1995	4
144	1995	5
145	1995	6
146	1995	7
147	1995	8
148	1995	9
149	1995	10
150	1995	11
151	1995	12
152	1995	13
153	1995	14
154	1995	15
155	1995	16
156	1995	17
157	1995	18
158	1995	19
159	1995	20
160	1995	21
161	1995	22
162	1995	23
163	1995	24
164	1995	25
165	1995	26
166	1995	27
167	1995	28
168	1995	29
169	1995	30
170	1995	31
171	1995	32
172	1995	33
173	1995	34
174	1995	35
175	1995	36
176	1995	37
177	1995	38
178	1995	39
179	1995	40
180	1995	41
181	1995	42
182	1995	43
183	1995	44
184	1995	45
185	1995	46
186	1995	47
187	1995	48
188	1995	49
189	1995	50
190	1995	51
191	1995	52
192	1996	1
193	1996	2
194	1996	3
195	1996	4
196	1996	5
197	1996	6
198	1996	7
199	1996	8
200	1996	9
201	1996	10
202	1996	11
203	1996	12
204	1996	13
205	1996	14
206	1996	15
207	1996	16
208	1996	17
209	1996	18
210	1996	19
211	1996	20
212	1996	21
213	1996	22
214	1996	23
215	1996	24
216	1996	25
217	1996	26
218	1996	27
219	1996	28
220	1996	29
221	1996	30
222	1996	31
223	1996	32
224	1996	33
225	1996	34
226	1996	35
227	1996	36
228	1996	37
229	1996	38
230	1996	39
231	1996	40
232	1996	41
233	1996	42
234	1996	43
235	1996	44
236	1996	45
237	1996	46
238	1996	47
239	1996	48
240	1996	49
241	1996	50
242	1996	51
243	1996	52
244	1997	1
245	1997	2
246	1997	3
247	1997	4
248	1997	5
249	1997	6
250	1997	7
251	1997	8
252	1997	9
253	1997	10
254	1997	11
255	1997	12
256	1997	13
257	1997	14
258	1997	15
259	1997	16
260	1997	17
261	1997	18
262	1997	19
263	1997	20
264	1997	21
265	1997	22
266	1997	23
267	1997	24
268	1997	25
269	1997	26
270	1997	27
271	1997	28
272	1997	29
273	1997	30
274	1997	31
275	1997	32
276	1997	33
277	1997	34
278	1997	35
279	1997	36
280	1997	37
281	1997	38
282	1997	39
283	1997	40
284	1997	41
285	1997	42
286	1997	43
287	1997	44
288	1997	45
289	1997	46
290	1997	47
291	1997	48
292	1997	49
293	1997	50
294	1997	51
295	1997	52
296	1998	1
297	1998	2
298	1998	3
299	1998	4
300	1998	5
301	1998	6
302	1998	7
303	1998	8
304	1998	9
305	1998	10
306	1998	11
307	1998	12
308	1998	13
309	1998	14
310	1998	15
311	1998	16
312	1998	17
313	1998	18
314	1998	19
315	1998	20
316	1998	21
317	1998	22
318	1998	23
319	1998	24
320	1998	25
321	1998	26
322	1998	27
323	1998	28
324	1998	29
325	1998	30
326	1998	31
327	1998	32
328	1998	33
329	1998	34
330	1998	35
331	1998	36
332	1998	37
333	1998	38
334	1998	39
335	1998	40
336	1998	41
337	1998	42
338	1998	43
339	1998	44
340	1998	45
341	1998	46
342	1998	47
343	1998	48
344	1998	49
345	1998	50
346	1998	51
347	1998	52
348	1998	53
349	1999	1
350	1999	2
351	1999	3
352	1999	4
353	1999	5
354	1999	6
355	1999	7
356	1999	8
357	1999	9
358	1999	10
359	1999	11
360	1999	12
361	1999	13
362	1999	14
363	1999	15
364	1999	16
365	1999	17
366	1999	18
367	1999	19
368	1999	20
369	1999	21
370	1999	22
371	1999	23
372	1999	24
373	1999	25
374	1999	26
375	1999	27
376	1999	28
377	1999	29
378	1999	30
379	1999	31
380	1999	32
381	1999	33
382	1999	34
383	1999	35
384	1999	36
385	1999	37
386	1999	38
387	1999	39
388	1999	40
389	1999	41
390	1999	42
391	1999	43
392	1999	44
393	1999	45
394	1999	46
395	1999	47
396	1999	48
397	1999	49
398	1999	50
399	1999	51
400	1999	52
401	2000	1
402	2000	2
403	2000	3
404	2000	4
405	2000	5
406	2000	6
407	2000	7
408	2000	8
409	2000	9
410	2000	10
411	2000	11
412	2000	12
413	2000	13
414	2000	14
415	2000	15
416	2000	16
417	2000	17
418	2000	18
419	2000	19
420	2000	20
421	2000	21
422	2000	22
423	2000	23
424	2000	24
425	2000	25
426	2000	26
427	2000	27
428	2000	28
429	2000	29
430	2000	30
431	2000	31
432	2000	32
433	2000	33
434	2000	34
435	2000	35
436	2000	36
437	2000	37
438	2000	38
439	2000	39
440	2000	40
441	2000	41
442	2000	42
443	2000	43
444	2000	44
445	2000	45
446	2000	46
447	2000	47
448	2000	48
449	2000	49
450	2000	50
451	2000	51
452	2000	52
453	2001	1
454	2001	2
455	2001	3
456	2001	4
457	2001	5
458	2001	6
459	2001	7
460	2001	8
461	2001	9
462	2001	10
463	2001	11
464	2001	12
465	2001	13
466	2001	14
467	2001	15
468	2001	16
469	2001	17
470	2001	18
471	2001	19
472	2001	20
473	2001	21
474	2001	22
475	2001	23
476	2001	24
477	2001	25
478	2001	26
479	2001	27
480	2001	28
481	2001	29
482	2001	30
483	2001	31
484	2001	32
485	2001	33
486	2001	34
487	2001	35
488	2001	36
489	2001	37
490	2001	38
491	2001	39
492	2001	40
493	2001	41
494	2001	42
495	2001	43
496	2001	44
497	2001	45
498	2001	46
499	2001	47
500	2001	48
501	2001	49
502	2001	50
503	2001	51
504	2001	52
505	2002	1
506	2002	2
507	2002	3
508	2002	4
509	2002	5
510	2002	6
511	2002	7
512	2002	8
513	2002	9
514	2002	10
515	2002	11
516	2002	12
517	2002	13
518	2002	14
519	2002	15
520	2002	16
521	2002	17
522	2002	18
523	2002	19
524	2002	20
525	2002	21
526	2002	22
527	2002	23
528	2002	24
529	2002	25
530	2002	26
531	2002	27
532	2002	28
533	2002	29
534	2002	30
535	2002	31
536	2002	32
537	2002	33
538	2002	34
539	2002	35
540	2002	36
541	2002	37
542	2002	38
543	2002	39
544	2002	40
545	2002	41
546	2002	42
547	2002	43
548	2002	44
549	2002	45
550	2002	46
551	2002	47
552	2002	48
553	2002	49
554	2002	50
555	2002	51
556	2002	52
557	2003	1
558	2003	2
559	2003	3
560	2003	4
561	2003	5
562	2003	6
563	2003	7
564	2003	8
565	2003	9
566	2003	10
567	2003	11
568	2003	12
569	2003	13
570	2003	14
571	2003	15
572	2003	16
573	2003	17
574	2003	18
575	2003	19
576	2003	20
577	2003	21
578	2003	22
579	2003	23
580	2003	24
581	2003	25
582	2003	26
583	2003	27
584	2003	28
585	2003	29
586	2003	30
587	2003	31
588	2003	32
589	2003	33
590	2003	34
591	2003	35
592	2003	36
593	2003	37
594	2003	38
595	2003	39
596	2003	40
597	2003	41
598	2003	42
599	2003	43
600	2003	44
601	2003	45
602	2003	46
603	2003	47
604	2003	48
605	2003	49
606	2003	50
607	2003	51
608	2003	52
609	2004	1
610	2004	2
611	2004	3
612	2004	4
613	2004	5
614	2004	6
615	2004	7
616	2004	8
617	2004	9
618	2004	10
619	2004	11
620	2004	12
621	2004	13
622	2004	14
623	2004	15
624	2004	16
625	2004	17
626	2004	18
627	2004	19
628	2004	20
629	2004	21
630	2004	22
631	2004	23
632	2004	24
633	2004	25
634	2004	26
635	2004	27
636	2004	28
637	2004	29
638	2004	30
639	2004	31
640	2004	32
641	2004	33
642	2004	34
643	2004	35
644	2004	36
645	2004	37
646	2004	38
647	2004	39
648	2004	40
649	2004	41
650	2004	42
651	2004	43
652	2004	44
653	2004	45
654	2004	46
655	2004	47
656	2004	48
657	2004	49
658	2004	50
659	2004	51
660	2004	52
661	2004	53
662	2005	1
663	2005	2
664	2005	3
665	2005	4
666	2005	5
667	2005	6
668	2005	7
669	2005	8
670	2005	9
671	2005	10
672	2005	11
673	2005	12
674	2005	13
675	2005	14
676	2005	15
677	2005	16
678	2005	17
679	2005	18
680	2005	19
681	2005	20
682	2005	21
683	2005	22
684	2005	23
685	2005	24
686	2005	25
687	2005	26
688	2005	27
689	2005	28
690	2005	29
691	2005	30
692	2005	31
693	2005	32
694	2005	33
695	2005	34
696	2005	35
697	2005	36
698	2005	37
699	2005	38
700	2005	39
701	2005	40
702	2005	41
703	2005	42
704	2005	43
705	2005	44
706	2005	45
707	2005	46
708	2005	47
709	2005	48
710	2005	49
711	2005	50
712	2005	51
713	2005	52
714	2006	1
715	2006	2
716	2006	3
717	2006	4
718	2006	5
719	2006	6
720	2006	7
721	2006	8
722	2006	9
723	2006	10
724	2006	11
725	2006	12
726	2006	13
727	2006	14
728	2006	15
729	2006	16
730	2006	17
731	2006	18
732	2006	19
733	2006	20
734	2006	21
735	2006	22
736	2006	23
737	2006	24
738	2006	25
739	2006	26
740	2006	27
741	2006	28
742	2006	29
743	2006	30
744	2006	31
745	2006	32
746	2006	33
747	2006	34
748	2006	35
749	2006	36
750	2006	37
751	2006	38
752	2006	39
753	2006	40
754	2006	41
755	2006	42
756	2006	43
757	2006	44
758	2006	45
759	2006	46
760	2006	47
761	2006	48
762	2006	49
763	2006	50
764	2006	51
765	2006	52
766	2007	1
767	2007	2
768	2007	3
769	2007	4
770	2007	5
771	2007	6
772	2007	7
773	2007	8
774	2007	9
775	2007	10
776	2007	11
777	2007	12
778	2007	13
779	2007	14
780	2007	15
781	2007	16
782	2007	17
783	2007	18
784	2007	19
785	2007	20
786	2007	21
787	2007	22
788	2007	23
789	2007	24
790	2007	25
791	2007	26
792	2007	27
793	2007	28
794	2007	29
795	2007	30
796	2007	31
797	2007	32
798	2007	33
799	2007	34
800	2007	35
801	2007	36
802	2007	37
803	2007	38
804	2007	39
805	2007	40
806	2007	41
807	2007	42
808	2007	43
809	2007	44
810	2007	45
811	2007	46
812	2007	47
813	2007	48
814	2007	49
815	2007	50
816	2007	51
817	2007	52
818	2008	1
819	2008	2
820	2008	3
821	2008	4
822	2008	5
823	2008	6
824	2008	7
825	2008	8
826	2008	9
827	2008	10
828	2008	11
829	2008	12
830	2008	13
831	2008	14
832	2008	15
833	2008	16
834	2008	17
835	2008	18
836	2008	19
837	2008	20
838	2008	21
839	2008	22
840	2008	23
841	2008	24
842	2008	25
843	2008	26
844	2008	27
845	2008	28
846	2008	29
847	2008	30
848	2008	31
849	2008	32
850	2008	33
851	2008	34
852	2008	35
853	2008	36
854	2008	37
855	2008	38
856	2008	39
857	2008	40
858	2008	41
859	2008	42
860	2008	43
861	2008	44
862	2008	45
863	2008	46
864	2008	47
865	2008	48
866	2008	49
867	2008	50
868	2008	51
869	2008	52
870	2009	1
871	2009	2
872	2009	3
873	2009	4
874	2009	5
875	2009	6
876	2009	7
877	2009	8
878	2009	9
879	2009	10
880	2009	11
881	2009	12
882	2009	13
883	2009	14
884	2009	15
885	2009	16
886	2009	17
887	2009	18
888	2009	19
889	2009	20
890	2009	21
891	2009	22
892	2009	23
893	2009	24
894	2009	25
895	2009	26
896	2009	27
897	2009	28
898	2009	29
899	2009	30
900	2009	31
901	2009	32
902	2009	33
903	2009	34
904	2009	35
905	2009	36
906	2009	37
907	2009	38
908	2009	39
909	2009	40
910	2009	41
911	2009	42
912	2009	43
913	2009	44
914	2009	45
915	2009	46
916	2009	47
917	2009	48
918	2009	49
919	2009	50
920	2009	51
921	2009	52
922	2009	53
923	2010	1
924	2010	2
925	2010	3
926	2010	4
927	2010	5
928	2010	6
929	2010	7
930	2010	8
931	2010	9
932	2010	10
933	2010	11
934	2010	12
935	2010	13
936	2010	14
937	2010	15
938	2010	16
939	2010	17
940	2010	18
941	2010	19
942	2010	20
943	2010	21
944	2010	22
945	2010	23
946	2010	24
947	2010	25
948	2010	26
949	2010	27
950	2010	28
951	2010	29
952	2010	30
953	2010	31
954	2010	32
955	2010	33
956	2010	34
957	2010	35
958	2010	36
959	2010	37
960	2010	38
961	2010	39
962	2010	40
963	2010	41
964	2010	42
965	2010	43
966	2010	44
967	2010	45
968	2010	46
969	2010	47
970	2010	48
971	2010	49
972	2010	50
973	2010	51
974	2010	52
975	2011	1
976	2011	2
977	2011	3
978	2011	4
979	2011	5
980	2011	6
981	2011	7
982	2011	8
983	2011	9
984	2011	10
985	2011	11
986	2011	12
987	2011	13
988	2011	14
989	2011	15
990	2011	16
991	2011	17
992	2011	18
993	2011	19
994	2011	20
995	2011	21
996	2011	22
997	2011	23
998	2011	24
999	2011	25
1000	2011	26
1001	2011	27
1002	2011	28
1003	2011	29
1004	2011	30
1005	2011	31
1006	2011	32
1007	2011	33
1008	2011	34
1009	2011	35
1010	2011	36
1011	2011	37
1012	2011	38
1013	2011	39
1014	2011	40
1015	2011	41
1016	2011	42
1017	2011	43
1018	2011	44
1019	2011	45
1020	2011	46
1021	2011	47
1022	2011	48
1023	2011	49
1024	2011	50
1025	2011	51
1026	2011	52
1027	2012	1
1028	2012	2
1029	2012	3
1030	2012	4
1031	2012	5
1032	2012	6
1033	2012	7
1034	2012	8
1035	2012	9
1036	2012	10
1037	2012	11
1038	2012	12
1039	2012	13
1040	2012	14
1041	2012	15
1042	2012	16
1043	2012	17
1044	2012	18
1045	2012	19
1046	2012	20
1047	2012	21
1048	2012	22
1049	2012	23
1050	2012	24
1051	2012	25
1052	2012	26
1053	2012	27
1054	2012	28
1055	2012	29
1056	2012	30
1057	2012	31
1058	2012	32
1059	2012	33
1060	2012	34
1061	2012	35
1062	2012	36
1063	2012	37
1064	2012	38
1065	2012	39
1066	2012	40
1067	2012	41
1068	2012	42
1069	2012	43
1070	2012	44
1071	2012	45
1072	2012	46
1073	2012	47
1074	2012	48
1075	2012	49
1076	2012	50
1077	2012	51
1078	2012	52
1079	2013	1
1080	2013	2
1081	2013	3
1082	2013	4
1083	2013	5
1084	2013	6
1085	2013	7
1086	2013	8
1087	2013	9
1088	2013	10
1089	2013	11
1090	2013	12
1091	2013	13
1092	2013	14
1093	2013	15
1094	2013	16
1095	2013	17
1096	2013	18
1097	2013	19
1098	2013	20
1099	2013	21
1100	2013	22
1101	2013	23
1102	2013	24
1103	2013	25
1104	2013	26
1105	2013	27
1106	2013	28
1107	2013	29
1108	2013	30
1109	2013	31
1110	2013	32
1111	2013	33
1112	2013	34
1113	2013	35
1114	2013	36
1115	2013	37
1116	2013	38
1117	2013	39
1118	2013	40
1119	2013	41
1120	2013	42
1121	2013	43
1122	2013	44
1123	2013	45
1124	2013	46
1125	2013	47
1126	2013	48
1127	2013	49
1128	2013	50
1129	2013	51
1130	2013	52
