id	huzasid	szam
1	44	21
2	248	25
3	716	12
4	836	30
5	671	33
6	677	41
7	153	18
8	971	41
9	394	25
10	1057	11
11	658	30
12	350	12
13	668	25
14	736	15
15	510	35
16	827	32
17	38	37
18	674	34
19	293	11
20	535	21
21	1055	12
22	547	14
23	311	33
24	311	42
25	970	27
26	424	40
27	984	35
28	253	39
29	1117	39
30	918	11
31	779	18
32	575	29
33	644	23
34	991	35
35	655	24
36	159	20
37	306	19
38	654	10
39	657	17
40	481	7
41	783	7
42	226	15
43	553	6
44	418	12
45	1106	38
46	747	3
47	997	3
48	301	6
49	983	36
50	271	3
51	472	11
52	670	12
53	138	17
54	1065	38
55	1124	17
56	222	34
57	393	22
58	826	9
59	705	44
60	89	1
61	735	3
62	1091	31
63	181	38
64	134	15
65	320	23
66	146	39
67	805	7
68	267	8
69	1060	25
70	75	14
71	469	9
72	584	26
73	608	30
74	476	12
75	887	43
76	824	10
77	627	4
78	428	34
79	460	31
80	467	2
81	1043	1
82	297	30
83	962	13
84	228	22
85	689	35
86	54	18
87	98	24
88	825	37
89	18	10
91	177	28
92	1023	20
93	184	34
94	1051	8
95	796	27
96	927	26
97	1034	1
98	476	32
99	412	12
102	18	30
103	314	12
104	912	18
105	814	13
107	10	11
108	36	28
109	288	39
110	825	28
111	336	12
112	822	29
113	784	17
114	119	44
115	974	13
116	124	11
117	608	35
118	546	44
119	267	41
120	256	35
121	909	32
122	308	28
123	624	2
124	91	6
125	175	12
126	735	39
127	787	28
128	64	14
129	74	45
130	762	39
132	474	21
133	516	2
134	686	33
135	559	8
136	996	3
137	395	11
138	6	6
139	894	20
140	784	20
141	820	30
142	145	45
143	318	24
144	328	40
145	333	36
146	264	41
147	477	22
148	406	1
149	119	45
150	99	2
151	737	34
152	1130	16
153	542	45
154	262	9
155	616	44
156	522	34
157	385	10
158	1028	24
159	14	40
160	150	24
161	644	42
162	48	17
163	47	9
164	917	7
165	1017	35
166	577	40
167	939	14
168	735	13
169	49	16
170	574	1
171	141	27
172	134	22
173	801	37
174	217	7
175	383	33
176	832	26
177	319	17
178	532	17
179	694	31
180	1073	32
181	651	14
182	376	40
183	415	37
184	478	5
185	260	45
186	176	30
187	948	17
189	193	34
190	1057	10
191	1124	35
192	196	43
193	450	18
194	220	18
195	1019	15
196	112	33
197	48	24
198	1108	20
199	584	7
200	223	26
201	360	11
202	261	32
203	112	1
204	322	2
205	586	21
206	226	28
207	100	40
208	511	20
209	493	8
210	348	13
211	621	15
212	689	19
213	93	36
214	271	1
215	946	43
216	834	24
217	802	40
219	832	23
220	540	42
221	554	34
222	437	39
223	1096	17
224	378	26
225	307	23
226	1070	24
227	141	10
228	190	31
229	1077	8
231	701	13
232	968	32
233	231	36
234	1033	1
235	582	6
236	840	14
237	639	33
238	522	10
239	556	8
240	609	38
241	572	41
242	849	22
243	702	42
244	607	4
245	265	7
246	851	21
247	716	44
248	229	21
249	522	13
250	485	17
251	237	21
252	1038	2
253	688	5
254	788	24
255	1079	2
256	1009	14
257	753	11
258	210	37
259	43	11
260	303	1
261	597	39
262	104	2
263	1103	39
264	847	42
265	1032	16
266	685	9
267	224	31
268	1097	15
269	883	19
270	290	38
271	1128	13
272	96	43
273	190	36
274	429	29
275	305	38
276	117	45
277	205	7
278	133	40
279	204	45
280	1072	41
281	754	37
282	119	5
283	436	4
284	140	43
285	456	22
286	667	32
287	283	22
288	147	16
289	1036	41
290	16	32
291	456	38
292	169	15
293	770	37
294	1128	20
295	16	28
296	760	33
297	696	37
298	555	27
299	628	37
300	99	43
301	426	41
302	559	2
303	127	21
304	276	25
305	32	21
306	946	7
307	328	35
308	1094	4
309	498	36
310	24	31
311	27	28
312	624	45
313	302	19
314	643	22
315	762	22
316	355	40
317	539	6
318	137	6
320	1079	43
321	755	31
322	295	8
323	432	5
324	163	44
325	800	24
326	647	35
327	1068	34
328	291	41
329	397	32
330	117	29
331	232	6
332	473	11
333	416	44
334	612	19
335	505	42
336	556	42
337	921	16
338	634	20
339	646	31
340	445	25
341	574	38
342	1006	27
343	934	15
344	680	34
345	876	17
346	314	27
347	969	41
348	474	31
349	1037	34
350	103	13
351	578	23
352	95	42
353	67	1
354	108	45
355	126	19
356	1008	12
357	1072	21
358	174	27
359	874	36
360	24	13
361	441	34
362	263	42
363	860	11
364	215	2
365	132	1
366	531	18
367	128	20
368	43	45
369	59	6
370	547	12
371	543	45
372	529	21
373	599	20
374	625	36
375	987	29
376	591	13
377	910	32
378	630	7
379	635	14
380	997	36
381	443	31
382	773	4
383	527	22
384	861	9
385	116	44
386	815	20
387	673	24
388	843	19
389	1035	44
390	564	36
391	171	24
392	741	24
393	721	7
394	64	12
395	487	13
396	425	28
397	1011	27
398	516	40
399	1065	44
400	703	21
401	440	26
402	28	42
403	356	23
404	744	14
405	322	45
406	625	43
407	1122	37
408	620	3
409	569	40
410	1108	22
411	1002	11
412	603	42
413	399	9
414	64	22
415	767	31
416	196	45
417	1116	45
418	776	17
419	839	43
420	888	20
421	856	7
422	669	9
423	1067	30
424	850	18
425	621	17
426	581	26
427	386	3
428	662	13
429	570	2
430	73	24
431	795	27
432	745	33
434	1099	2
435	593	35
436	1088	7
437	284	35
438	733	9
439	637	8
440	537	16
442	253	15
443	33	33
444	217	8
445	593	29
446	18	41
447	1125	26
448	215	8
449	1065	10
450	140	41
451	470	3
452	495	45
453	818	40
454	93	31
455	345	8
456	778	45
457	838	36
458	724	43
459	1016	38
460	877	33
461	1063	33
462	1027	37
463	162	1
464	399	28
465	311	38
466	832	27
467	677	8
468	348	32
469	773	43
470	294	8
471	1107	31
472	130	32
473	940	13
474	599	9
476	512	44
477	73	9
478	825	38
479	262	38
480	590	7
481	1019	4
482	867	7
483	871	44
484	719	21
485	975	22
486	812	26
487	91	18
488	1092	39
489	84	6
490	839	32
491	618	2
492	440	44
493	22	2
494	1030	35
495	934	3
496	974	45
497	401	5
498	935	30
499	606	12
500	682	7
501	653	23
502	275	23
503	164	36
504	293	31
505	320	2
506	424	23
507	803	29
508	999	44
509	870	10
510	14	27
511	826	17
512	592	31
513	251	27
514	873	11
515	74	23
516	865	26
517	863	26
518	707	42
519	953	34
520	283	31
521	530	40
522	282	33
523	688	28
524	285	36
525	895	28
526	1022	19
527	26	33
528	330	15
529	777	28
530	851	20
531	1023	38
532	415	32
533	360	24
534	194	15
535	721	22
536	601	40
537	400	9
538	1007	40
539	1102	4
540	547	17
541	565	5
542	161	13
543	483	20
544	829	8
545	259	16
546	569	19
547	173	5
548	557	11
549	343	41
550	1022	25
551	643	32
552	964	8
553	197	27
554	199	38
555	874	8
556	1098	22
557	275	9
558	344	37
559	362	31
560	408	32
561	535	44
562	799	16
563	896	13
564	969	20
565	682	41
566	567	3
567	1110	30
568	677	42
569	582	21
570	477	10
571	1075	3
572	734	9
573	202	4
574	748	12
575	801	44
576	858	21
577	872	21
578	776	44
580	247	10
581	704	35
582	189	34
584	1031	2
585	254	35
586	277	9
587	1128	40
588	853	14
589	393	39
590	973	7
591	752	5
592	208	16
593	795	7
594	776	34
595	368	37
596	712	16
597	450	37
598	385	28
599	475	31
600	470	4
601	904	3
602	179	26
603	870	28
604	62	35
605	469	6
607	919	45
608	980	44
609	202	5
610	750	17
611	591	23
612	184	22
613	137	7
614	1101	36
615	844	26
616	524	40
617	868	37
619	970	6
620	756	4
622	560	32
623	403	45
624	267	4
625	1091	3
626	966	22
627	629	16
628	1039	40
629	642	4
630	294	14
631	907	38
632	487	25
633	644	6
634	729	10
635	976	42
636	442	40
637	42	24
638	1040	38
639	181	40
640	526	3
641	32	4
642	656	34
643	635	36
644	19	6
645	318	44
646	1130	30
647	1016	42
648	672	14
649	750	22
650	365	7
651	249	37
652	631	16
653	111	9
654	581	5
655	167	10
656	1019	41
657	875	18
658	163	28
659	986	10
660	175	44
661	212	32
662	595	22
663	950	7
664	679	19
665	596	41
666	393	23
667	941	30
668	653	21
670	138	41
671	291	34
672	1047	32
673	880	5
674	999	13
675	1070	22
676	454	1
677	827	10
678	1088	32
679	1053	45
680	705	6
681	675	40
682	731	13
683	1012	12
684	968	21
685	1010	31
686	573	22
687	293	43
688	953	4
689	884	45
690	205	41
691	725	40
692	504	8
694	613	8
695	692	43
696	509	44
697	439	34
698	485	38
699	959	32
700	421	32
701	113	5
702	21	7
703	613	38
704	892	42
705	925	37
706	63	11
707	857	21
708	404	7
709	285	35
710	693	29
711	404	37
712	588	23
714	324	40
715	537	43
716	878	7
717	446	37
718	278	31
719	1035	33
720	898	28
721	208	19
722	901	24
723	141	18
724	731	4
725	414	36
726	1128	33
727	787	10
728	189	9
729	107	34
730	960	45
731	307	39
732	7	26
733	486	35
734	649	37
735	916	23
736	247	31
737	1002	2
738	1102	8
739	1068	23
740	876	34
741	470	10
742	351	37
743	528	11
744	912	20
745	263	1
746	351	10
747	634	16
748	237	13
749	531	38
750	35	41
751	536	42
752	813	11
753	468	38
754	796	29
755	837	42
756	364	44
757	219	32
758	939	2
760	601	12
761	1041	5
762	597	22
763	355	18
764	120	40
765	1111	35
766	562	4
767	502	29
768	905	38
769	365	19
770	266	21
771	539	43
772	480	34
773	833	4
774	427	10
775	693	45
776	548	42
777	682	10
778	351	38
779	1005	6
780	743	6
781	12	44
782	66	13
783	638	26
784	863	19
785	1115	14
786	159	12
787	827	23
788	1088	18
789	753	5
790	267	14
791	491	27
792	418	6
793	1068	11
794	169	13
795	529	13
796	182	40
797	141	4
798	858	10
799	744	32
800	458	42
801	269	23
803	572	32
804	3	38
805	910	21
806	230	20
807	234	18
808	37	4
809	678	38
810	690	1
811	248	17
812	770	24
813	362	1
814	767	2
815	906	18
816	225	41
817	720	32
818	373	15
819	830	13
820	674	16
821	807	34
822	39	42
823	929	39
824	745	1
825	115	13
826	349	31
827	70	24
828	930	32
829	780	35
830	18	12
831	238	3
832	695	22
833	674	32
835	932	38
836	414	33
837	431	25
838	202	23
839	463	13
840	797	34
841	512	6
842	655	20
843	1072	27
844	680	32
845	392	31
846	1058	20
848	530	10
849	259	25
850	138	9
851	102	32
852	219	35
853	895	23
855	482	45
856	662	14
857	403	44
858	1049	27
859	165	2
860	719	13
861	494	2
862	445	26
864	17	10
865	55	24
866	71	32
867	1034	23
868	522	40
869	1065	23
870	877	21
871	700	31
872	1093	23
873	745	6
874	391	3
875	799	9
876	928	12
877	723	32
878	125	16
879	727	22
880	168	37
881	919	43
882	308	6
883	800	6
884	53	37
886	847	22
887	35	14
888	988	40
889	673	13
890	105	6
891	130	42
892	894	33
893	730	15
894	1118	22
895	853	13
896	298	30
897	969	10
898	501	16
899	377	21
900	476	36
901	168	42
902	922	14
903	518	38
904	23	37
905	1089	11
906	772	33
907	297	41
908	1080	31
909	490	8
910	980	11
912	229	4
913	523	26
914	56	41
915	899	16
917	286	26
918	41	39
919	752	3
920	278	15
921	793	7
922	1024	35
923	1043	43
924	126	3
925	478	3
926	632	7
927	85	42
928	168	44
929	424	6
930	170	8
931	674	2
932	572	12
933	927	43
934	337	24
935	21	19
936	1028	6
937	203	9
938	420	9
939	650	24
940	217	40
941	432	14
942	918	33
943	254	42
944	614	37
945	679	8
946	447	4
947	646	41
948	161	15
949	118	12
950	678	43
951	143	24
952	16	6
953	981	8
954	524	37
955	1066	20
956	977	40
957	529	27
958	571	34
959	239	31
960	573	41
961	915	42
962	321	6
963	908	42
964	155	36
965	838	45
966	665	14
967	131	2
968	656	35
970	189	45
971	449	9
972	811	14
973	1028	32
974	312	27
975	586	11
976	369	35
977	719	11
978	3	3
979	433	14
980	440	39
981	45	13
982	375	8
983	11	40
984	438	13
985	960	7
986	333	42
987	709	44
988	966	27
989	1109	27
990	683	4
991	358	23
994	969	15
995	1002	44
996	1084	38
997	389	29
998	320	19
999	462	18
1000	1013	3
1001	588	37
1002	332	6
1003	183	18
1004	514	36
1005	898	10
1006	199	34
1009	15	11
1010	251	10
1011	1016	7
1012	739	16
1013	830	12
1014	816	8
1015	737	22
1016	973	32
1019	833	38
1020	38	20
1021	845	26
1022	222	36
1023	808	39
1024	16	8
1025	160	31
1027	68	17
1028	749	15
1029	1059	21
1030	667	20
1031	150	19
1032	367	33
1033	982	26
1034	293	19
1035	374	13
1036	1106	44
1037	567	14
1038	641	6
1039	126	12
1040	882	26
1041	1094	2
1042	110	41
1043	371	1
1045	998	27
1046	956	16
1047	1080	41
1048	517	13
1049	721	26
1050	908	36
1051	230	17
1052	63	15
1053	80	45
1054	913	10
1055	832	16
1056	310	43
1057	535	28
1058	156	34
1059	140	17
1061	568	21
1063	1126	40
1064	210	23
1065	875	28
1066	1090	39
1067	705	26
1068	972	2
1069	131	22
1070	868	15
1071	1049	1
1072	36	3
1073	615	41
1074	15	12
1075	898	27
1076	1104	26
1077	558	35
1078	929	12
1079	317	43
1080	654	31
1081	312	24
1082	421	28
1083	330	33
1084	221	18
1085	351	43
1086	886	43
1087	341	4
1088	444	21
1089	999	25
1090	1116	5
1091	86	11
1092	438	32
1093	208	3
1094	272	43
1095	774	21
1096	837	12
1097	1081	11
1098	298	41
1099	607	1
1100	768	45
1101	471	7
1102	452	24
1103	509	16
1104	503	7
1105	455	36
1106	884	12
1107	282	34
1108	148	6
1109	826	22
1110	495	14
1111	1036	32
1112	466	3
1113	114	22
1114	173	26
1115	1107	10
1116	193	2
1117	363	14
1118	1	40
1119	690	12
1120	842	4
1121	133	26
1122	531	40
1123	687	24
1124	1035	6
1125	186	20
1126	82	27
1127	832	19
1128	718	12
1129	29	8
1130	512	38
1131	627	38
1132	949	21
1133	1057	22
1134	53	14
1135	768	32
1136	306	29
1137	372	6
1138	1063	15
1139	195	13
1140	924	29
1141	655	23
1142	198	42
1143	564	11
1144	53	39
1145	790	37
1146	102	30
1147	1045	27
1148	956	1
1149	492	42
1150	1045	18
1151	489	9
1152	177	22
1153	1100	9
1154	885	14
1155	135	2
1156	440	23
1157	368	32
1158	820	38
1160	911	8
1161	380	38
1162	1118	28
1163	548	6
1164	563	42
1165	319	30
1166	649	12
1167	477	28
1168	223	19
1169	1112	5
1170	41	11
1171	1129	39
1172	118	43
1173	836	31
1174	115	30
1175	238	15
1176	1031	13
1177	189	12
1178	120	24
1179	354	3
1180	626	27
1181	151	13
1182	86	10
1183	851	40
1184	381	43
1185	1110	29
1186	1027	45
1187	329	27
1188	1016	2
1189	757	2
1190	843	9
1191	833	17
1192	276	43
1193	1090	24
1194	397	7
1195	171	32
1196	40	16
1197	457	39
1198	397	22
1199	1104	43
1200	278	14
1201	933	45
1202	736	20
1203	913	19
1204	954	39
1205	15	6
1206	755	34
1207	879	39
1208	904	20
1209	953	26
1210	755	3
1211	187	35
1212	817	13
1213	717	31
1214	505	32
1215	369	15
1216	147	43
1217	157	37
1218	1060	10
1219	701	9
1220	159	29
1221	908	32
1222	613	10
1223	954	20
1224	10	7
1225	950	12
1226	23	29
1227	774	28
1228	329	43
1229	671	41
1230	411	4
1231	201	33
1232	787	26
1233	469	26
1234	208	22
1236	96	10
1237	472	30
1238	468	19
1239	75	39
1240	1026	15
1241	196	40
1242	1056	10
1243	913	8
1244	714	43
1245	12	7
1246	499	2
1247	23	36
1248	119	3
1249	1116	9
1250	122	19
1251	136	23
1252	579	42
1253	219	28
1254	428	23
1255	152	18
1256	274	14
1257	30	35
1258	1085	23
1259	1007	6
1260	380	20
1261	893	16
1262	340	6
1263	516	32
1264	950	15
1265	405	30
1266	911	4
1267	552	1
1268	484	2
1269	729	24
1270	349	20
1271	896	25
1272	445	1
1273	734	39
1274	849	14
1275	1040	7
1276	352	20
1277	1112	6
1278	372	7
1279	412	3
1280	606	19
1281	826	29
1282	65	28
1283	1087	18
1284	894	45
1285	38	28
1286	818	36
1287	1114	3
1288	170	4
1289	236	38
1290	677	27
1291	861	6
1292	252	9
1293	299	26
1294	750	23
1295	726	27
1296	767	25
1297	137	37
1298	659	9
1299	926	6
1300	320	45
1301	1086	27
1302	314	25
1303	48	11
1304	312	45
1306	197	3
1307	57	44
1308	1044	27
1309	601	11
1310	586	5
1311	335	42
1312	601	3
1313	781	15
1314	777	26
1315	452	35
1316	183	1
1317	521	45
1318	1069	35
1319	257	25
1320	762	23
1321	360	44
1322	234	41
1323	82	21
1324	1006	21
1325	54	13
1326	49	45
1327	854	27
1328	138	5
1329	249	34
1330	708	5
1331	204	26
1332	913	45
1333	698	25
1334	613	29
1335	130	29
1337	292	45
1338	1042	36
1339	381	28
1340	709	35
1341	1057	16
1342	359	35
1343	568	5
1344	230	6
1345	1104	3
1346	598	6
1347	83	45
1348	704	5
1349	46	44
1350	629	3
1351	259	19
1352	243	19
1353	159	27
1354	838	4
1355	1068	16
1356	948	9
1357	1103	27
1358	298	35
1359	110	4
1360	1117	38
1361	143	29
1362	274	18
1363	822	43
1364	1067	13
1365	185	40
1366	1002	22
1367	798	34
1368	1105	28
1369	193	39
1370	158	7
1371	960	29
1372	123	8
1373	936	12
1374	43	18
1375	1041	20
1376	192	28
1378	543	40
1379	228	29
1380	413	22
1381	1005	23
1382	868	4
1383	555	25
1384	1126	39
1385	15	28
1386	353	17
1387	114	25
1388	805	15
1389	164	31
1390	706	2
1391	497	38
1392	788	40
1393	544	12
1394	853	4
1395	617	20
1396	38	1
1397	1106	17
1398	902	12
1399	1048	37
1400	392	39
1401	485	25
1402	2	38
1403	176	21
1404	365	3
1405	850	34
1406	324	14
1407	403	6
1408	4	11
1409	249	6
1410	92	33
1411	202	8
1412	587	4
1413	1069	8
1414	4	10
1415	572	20
1416	88	42
1417	220	28
1418	880	1
1419	372	25
1420	505	19
1421	892	39
1422	225	15
1423	937	11
1424	809	29
1425	20	6
1426	387	17
1427	73	23
1428	435	26
1429	728	2
1430	409	17
1431	314	26
1432	675	19
1434	915	23
1435	252	44
1436	788	5
1437	822	27
1438	425	15
1439	858	22
1440	184	30
1441	437	37
1443	364	7
1444	696	3
1445	270	43
1446	30	44
1447	41	31
1448	693	22
1449	1004	7
1450	389	42
1451	299	31
1452	408	15
1453	1066	6
1454	35	2
1455	992	44
1456	1084	21
1457	313	8
1458	710	43
1459	988	37
1460	577	45
1461	491	1
1462	262	24
1463	968	45
1464	818	29
1465	884	13
1466	594	9
1467	38	11
1468	144	2
1469	848	21
1470	885	6
1471	169	30
1472	357	1
1473	1058	4
1474	842	6
1475	1093	38
1476	500	41
1477	725	6
1478	667	39
1479	541	15
1480	729	16
1481	590	9
1482	306	17
1483	134	32
1484	506	41
1485	877	5
1486	1076	11
1488	684	34
1489	1021	30
1490	939	8
1491	1056	20
1492	1099	42
1493	108	3
1494	1083	39
1496	993	10
1497	566	18
1498	642	22
1499	952	34
1500	376	34
1501	1031	6
1502	549	13
1503	55	18
1504	947	40
1505	602	44
1506	283	39
1507	576	10
1508	952	22
1509	609	9
1510	625	33
1511	1011	41
1512	975	43
1513	327	36
1514	716	28
1515	647	6
1516	1005	9
1517	258	6
1518	52	37
1519	337	19
1520	447	45
1521	783	44
1522	402	35
1524	815	41
1525	1062	36
1526	908	13
1527	312	10
1529	223	15
1530	650	33
1531	201	27
1532	735	38
1533	590	4
1534	336	33
1535	638	10
1536	909	36
1537	363	12
1538	1089	23
1539	883	20
1540	186	34
1541	1055	9
1542	24	4
1543	492	10
1544	429	31
1545	914	1
1546	1058	6
1547	876	26
1548	705	43
1549	142	41
1550	216	21
1551	852	22
1552	343	25
1554	768	12
1555	676	6
1556	720	26
1557	1050	43
1558	1084	18
1559	510	9
1560	1052	28
1561	324	42
1562	1121	12
1563	174	34
1564	773	38
1565	543	4
1566	118	28
1567	481	12
1568	136	13
1569	986	29
1570	847	8
1571	259	43
1572	680	23
1573	332	40
1574	227	2
1575	169	20
1576	704	28
1577	474	12
1578	1049	30
1579	280	35
1580	363	7
1581	326	45
1582	290	43
1583	1034	13
1584	929	4
1585	86	18
1586	738	28
1587	659	4
1588	240	36
1589	626	34
1590	459	29
1591	720	25
1592	593	7
1593	453	28
1594	715	25
1595	507	17
1596	344	44
1597	152	17
1598	279	25
1599	216	40
1600	1101	33
1601	586	39
1602	450	36
1603	532	3
1604	1102	42
1605	147	25
1606	848	32
1608	233	17
1609	27	8
1610	1048	13
1611	152	35
1612	224	41
1613	591	17
1614	1072	5
1615	925	39
1616	702	21
1617	749	18
1618	857	8
1619	866	7
1620	681	8
1621	248	29
1622	180	43
1623	443	8
1625	185	28
1626	821	8
1627	788	38
1628	565	26
1629	201	13
1630	821	41
1631	1020	36
1632	164	23
1633	72	29
1634	713	6
1635	1014	5
1636	257	27
1637	149	33
1638	400	34
1639	822	22
1641	74	16
1642	68	21
1643	980	7
1644	609	12
1645	578	11
1646	811	24
1647	496	8
1648	148	18
1649	12	40
1650	295	32
1651	622	8
1652	240	7
1653	978	36
1654	29	42
1655	442	31
1656	459	8
1657	64	15
1658	970	24
1659	203	34
1660	728	25
1661	294	6
1662	128	38
1663	315	11
1664	273	38
1666	307	43
1667	624	11
1668	376	32
1669	411	36
1670	1030	21
1671	468	10
1672	188	13
1673	1044	29
1674	762	27
1675	361	42
1676	32	16
1677	489	22
1678	826	33
1679	474	17
1680	309	21
1681	289	24
1682	114	10
1683	951	6
1684	586	35
1685	358	17
1686	400	37
1687	20	34
1688	162	18
1689	982	21
1690	996	39
1691	793	43
1693	266	12
1694	927	23
1695	1066	33
1696	325	43
1697	272	37
1698	661	31
1699	578	22
1700	214	3
1701	819	43
1702	513	12
1703	558	19
1704	193	27
1705	47	15
1706	109	9
1707	559	17
1708	255	33
1709	658	42
1710	1060	6
1711	989	43
1712	366	39
1713	231	26
1714	955	6
1715	964	6
1716	282	8
1717	462	34
1718	588	39
1719	650	14
1720	17	12
1721	699	39
1722	1113	24
1723	519	41
1724	829	16
1725	625	1
1726	348	23
1727	1086	2
1728	1093	37
1729	444	24
1730	384	5
1731	882	4
1732	40	32
1733	1096	2
1734	304	42
1735	163	35
1736	237	18
1737	534	41
1738	984	11
1739	476	27
1740	972	37
1741	979	44
1742	717	9
1743	406	13
1744	465	21
1745	297	32
1747	1042	1
1748	525	39
1749	761	23
1750	209	35
1751	565	22
1752	490	29
1753	108	7
1755	181	27
1756	71	5
1757	420	45
1758	168	40
1759	183	28
1760	609	16
1761	378	37
1762	524	21
1763	148	37
1764	640	41
1765	95	28
1766	779	23
1767	9	15
1768	481	23
1769	623	37
1770	301	19
1771	954	38
1772	34	30
1773	426	45
1774	204	40
1775	657	37
1776	505	29
1777	725	18
1778	265	19
1779	1101	37
1780	33	19
1781	254	40
1782	1020	16
1783	453	25
1784	1066	12
1785	846	29
1786	21	43
1787	864	3
1788	335	40
1789	794	45
1790	543	34
1791	918	3
1792	88	14
1793	335	1
1795	497	23
1796	346	11
1797	791	35
1798	814	33
1799	529	14
1800	746	3
1802	937	31
1803	48	37
1804	84	1
1805	569	12
1806	1115	17
1807	723	41
1808	371	11
1809	834	6
1810	288	28
1811	290	32
1812	387	35
1813	410	33
1814	289	25
1815	1061	8
1816	803	33
1817	729	21
1818	821	36
1819	93	24
1820	856	9
1821	888	24
1823	920	19
1824	484	30
1826	113	15
1827	582	38
1828	516	34
1829	810	30
1830	672	20
1831	683	33
1832	742	13
1833	140	21
1834	866	44
1836	1014	26
1837	569	15
1838	489	6
1839	96	42
1840	76	21
1841	519	12
1842	221	12
1843	56	39
1845	142	32
1846	650	25
1847	692	30
1848	846	22
1849	957	17
1850	640	2
1851	1006	1
1852	97	23
1853	993	31
1854	153	30
1855	76	26
1856	259	33
1857	88	18
1858	488	39
1859	551	7
1860	672	16
1861	369	36
1862	895	33
1863	1130	27
1864	1088	41
1866	1099	12
1867	547	37
1869	828	17
1870	26	6
1871	665	9
1872	835	17
1873	414	27
1874	767	36
1875	1123	31
1876	17	11
1877	346	16
1878	278	2
1879	720	20
1880	589	35
1881	1046	1
1882	114	32
1883	878	43
1885	232	1
1886	796	26
1887	1118	35
1888	247	32
1889	1052	10
1890	328	15
1891	538	30
1892	377	11
1893	161	7
1894	485	37
1895	1061	9
1896	785	9
1897	761	3
1898	797	40
1899	392	32
1900	404	39
1901	177	12
1902	1054	38
1903	107	18
1904	845	33
1905	410	23
1906	78	36
1907	854	32
1908	112	17
1909	928	42
1910	547	31
1911	748	18
1912	928	32
1913	177	31
1914	743	2
1915	629	13
1916	127	24
1917	262	40
1918	1016	17
1920	435	29
1921	494	30
1922	315	6
1923	1058	11
1924	1067	18
1925	1080	8
1926	916	16
1927	804	34
1928	765	36
1930	38	42
1931	357	13
1932	230	35
1933	361	18
1934	142	45
1935	78	21
1936	460	33
1937	382	14
1938	188	5
1939	497	31
1940	877	39
1942	26	22
1943	45	37
1944	311	17
1945	280	34
1946	503	38
1947	498	7
1948	645	3
1949	527	10
1950	656	7
1951	185	29
1952	438	41
1953	198	17
1954	741	10
1955	894	44
1956	269	26
1957	661	10
1958	991	40
1959	1025	15
1960	13	25
1961	216	14
1962	422	4
1963	233	37
1964	567	36
1965	248	38
1966	111	20
1968	722	9
1969	656	15
1970	323	42
1971	241	22
1972	504	12
1973	873	35
1974	143	21
1975	802	21
1976	532	9
1977	212	43
1978	492	41
1979	946	11
1980	58	17
1981	747	5
1982	354	44
1983	637	10
1984	972	26
1985	575	17
1986	591	8
1988	765	13
1989	729	34
1990	1071	26
1991	615	12
1992	346	33
1993	707	18
1995	355	27
1997	448	11
1998	786	24
1999	794	14
2000	902	20
2001	204	22
2002	461	20
2003	204	25
2004	1024	33
2005	607	35
2006	409	3
2007	1073	3
2008	357	15
2009	132	3
2010	591	32
2011	1126	30
2012	48	3
2013	384	30
2014	1077	40
2015	85	3
2016	874	33
2017	221	4
2018	235	29
2019	758	5
2020	283	36
2021	571	23
2022	435	25
2023	1121	28
2024	272	36
2025	269	45
2026	678	4
2027	442	25
2028	86	31
2029	1063	44
2030	761	42
2031	981	10
2032	782	44
2033	222	32
2034	620	39
2035	53	19
2036	544	14
2037	933	24
2038	1100	45
2039	869	2
2040	375	42
2041	603	8
2043	87	29
2044	521	36
2045	438	26
2046	983	2
2047	46	21
2048	142	7
2049	561	41
2050	420	35
2051	668	12
2052	175	22
2053	90	3
2054	338	42
2055	599	42
2056	11	28
2057	757	5
2058	686	12
2059	499	40
2060	194	20
2061	552	12
2062	258	11
2063	111	44
2064	614	31
2065	242	9
2066	1115	7
2067	855	26
2068	414	20
2069	50	11
2070	228	17
2071	103	4
2072	78	43
2073	222	16
2074	471	45
2075	338	18
2076	134	13
2077	817	44
2078	4	14
2079	1056	29
2080	871	22
2081	946	14
2082	1075	15
2083	255	43
2084	1034	7
2086	836	17
2087	912	23
2088	923	41
2089	1034	3
2090	919	34
2091	459	23
2092	581	22
2093	920	4
2094	166	10
2095	955	11
2096	353	24
2097	573	23
2099	707	27
2100	1056	13
2101	820	42
2102	101	45
2103	982	13
2104	1039	42
2105	338	10
2106	487	32
2107	886	45
2108	931	26
2109	623	4
2110	1077	29
2111	172	34
2112	977	15
2113	806	8
2114	955	26
2115	668	24
2116	544	39
2117	684	20
2118	191	30
2119	769	38
2120	634	21
2121	88	1
2122	265	16
2123	618	20
2124	666	4
2125	282	4
2126	165	24
2127	990	40
2128	789	38
2130	596	5
2131	480	33
2132	540	27
2133	466	21
2134	681	7
2135	214	20
2136	8	19
2137	486	32
2138	1107	6
2139	998	38
2140	325	34
2141	691	33
2142	979	13
2143	106	30
2144	246	17
2145	608	34
2146	33	1
2147	664	1
2148	425	43
2149	1122	40
2150	545	36
2151	1050	3
2152	310	3
2153	1105	19
2154	902	5
2156	749	43
2157	365	20
2158	632	6
2159	961	29
2160	673	43
2161	29	43
2162	819	8
2163	503	41
2164	384	6
2165	98	41
2166	1099	37
2167	912	33
2168	180	28
2169	305	37
2170	801	18
2171	450	1
2172	631	9
2173	863	31
2174	1122	25
2175	379	1
2176	1097	10
2177	929	8
2178	725	9
2179	574	44
2180	699	7
2181	177	45
2182	449	12
2183	685	30
2184	352	16
2185	152	7
2186	233	38
2187	1123	28
2188	1013	21
2189	418	36
2190	464	1
2191	1100	13
2193	52	40
2194	1098	42
2195	60	17
2196	258	20
2197	212	4
2198	934	42
2199	280	33
2201	559	29
2202	362	6
2203	333	44
2204	266	22
2205	488	2
2206	806	39
2207	760	39
2208	136	27
2210	156	6
2211	218	35
2213	794	8
2214	62	25
2215	399	1
2216	1074	25
2217	359	13
2218	180	4
2219	316	17
2220	864	7
2221	764	31
2222	1116	36
2223	753	3
2224	65	5
2225	396	29
2227	230	9
2228	1090	28
2229	1043	24
2230	905	22
2231	84	25
2232	336	15
2233	155	28
2234	349	28
2235	1030	8
2236	937	18
2237	814	10
2239	123	44
2240	247	3
2241	281	11
2242	1018	36
2243	666	35
2244	93	34
2245	853	36
2246	142	28
2247	124	5
2248	157	10
2249	91	35
2250	23	28
2251	730	13
2252	333	25
2253	327	10
2254	622	38
2255	316	4
2256	134	28
2257	427	33
2258	568	40
2259	1101	7
2260	558	8
2261	1095	22
2262	498	6
2263	490	41
2264	855	11
2265	875	16
2266	128	31
2267	278	16
2268	218	34
2269	748	16
2270	215	12
2271	122	11
2272	606	5
2273	1037	41
2274	730	34
2275	437	4
2277	55	5
2279	400	27
2280	684	26
2281	292	33
2282	176	23
2283	274	20
2284	1001	10
2285	1117	8
2286	687	25
2287	511	24
2288	344	41
2289	302	39
2290	641	17
2291	1050	18
2292	745	25
2293	873	41
2294	301	40
2295	358	29
2296	798	28
2297	270	12
2298	596	24
2299	319	13
2300	766	34
2301	123	42
2302	987	33
2303	162	37
2304	288	24
2305	1029	10
2306	257	10
2307	617	3
2308	120	26
2309	4	25
2310	782	9
2311	135	19
2312	980	32
2313	880	41
2314	712	19
2315	970	5
2316	104	9
2318	990	39
2319	554	7
2320	587	5
2321	722	12
2322	615	37
2323	995	31
2325	646	14
2326	115	15
2327	1017	45
2329	712	10
2330	662	33
2331	487	18
2332	152	20
2333	383	38
2334	2	37
2335	412	14
2336	442	32
2337	250	15
2338	150	23
2339	585	29
2340	932	13
2341	405	8
2342	59	18
2343	452	5
2344	334	26
2345	101	4
2346	434	13
2347	293	39
2348	313	15
2349	848	18
2350	864	32
2352	274	36
2353	744	44
2354	697	42
2355	1109	24
2357	830	29
2358	255	41
2359	869	33
2360	153	6
2361	874	24
2362	318	4
2363	241	42
2364	214	13
2365	555	18
2366	178	43
2367	1043	2
2368	432	25
2369	579	3
2370	197	32
2371	555	21
2372	1108	28
2373	359	42
2374	407	8
2375	92	42
2376	85	4
2377	331	41
2378	1014	40
2379	165	16
2381	400	2
2382	792	44
2383	774	20
2384	406	18
2385	393	37
2386	322	25
2387	617	25
2388	353	41
2389	642	34
2390	982	23
2391	290	14
2392	846	4
2393	240	20
2394	713	32
2395	383	24
2396	375	38
2397	551	37
2398	833	27
2399	124	27
2400	1107	17
2401	459	14
2402	157	8
2403	86	32
2404	19	38
2405	373	40
2406	449	5
2407	1085	17
2408	553	24
2409	319	8
2411	890	35
2412	271	22
2413	683	32
2414	549	25
2415	50	16
2416	598	27
2417	465	37
2418	907	35
2419	947	2
2420	463	14
2421	236	18
2422	521	32
2423	607	20
2424	872	28
2425	429	35
2426	1070	7
2427	748	35
2428	330	24
2429	902	31
2430	314	3
2431	631	31
2432	844	23
2433	427	30
2434	529	7
2435	189	38
2436	329	26
2437	1025	19
2438	640	12
2439	551	12
2441	92	19
2442	266	15
2443	673	42
2444	724	30
2445	743	38
2446	158	39
2447	842	21
2448	104	30
2449	95	1
2450	199	5
2451	216	25
2452	57	16
2453	990	10
2454	162	2
2455	1078	39
2456	12	19
2457	446	21
2458	490	30
2459	790	17
2460	660	3
2461	304	29
2462	287	26
2463	22	28
2464	1082	14
2465	185	4
2466	566	8
2467	270	44
2468	1012	42
2470	742	9
2471	1098	8
2472	243	22
2473	354	19
2474	355	23
2475	385	30
2476	835	36
2477	190	41
2478	286	34
2479	542	22
2480	1083	22
2481	268	29
2482	691	1
2483	1009	16
2484	1047	34
2485	382	24
2486	1000	24
2487	1028	18
2488	699	42
2489	191	26
2490	201	22
2491	480	10
2492	778	2
2493	8	30
2494	835	7
2495	468	2
2496	666	19
2497	831	26
2498	387	26
2499	117	10
2500	313	11
2501	838	30
2502	722	20
2503	468	41
2504	242	38
2505	509	5
2506	610	19
2507	808	33
2508	285	24
2509	710	40
2510	775	35
2511	404	4
2512	744	27
2513	680	9
2514	976	15
2515	575	25
2516	8	39
2517	942	20
2518	1123	12
2519	724	22
2520	74	31
2521	696	4
2522	735	26
2523	681	20
2524	619	18
2525	306	10
2526	39	18
2527	741	22
2528	1081	23
2529	780	42
2530	1033	31
2531	1055	23
2532	412	20
2533	556	20
2534	659	8
2535	675	36
2536	840	5
2537	758	17
2538	687	40
2539	519	4
2540	763	15
2541	499	8
2542	835	35
2543	448	25
2544	907	15
2545	979	37
2547	791	40
2548	687	28
2549	700	9
2550	122	23
2551	789	3
2552	404	18
2553	727	8
2554	974	38
2555	1029	2
2556	387	4
2557	860	40
2558	944	25
2559	921	7
2560	818	38
2561	953	38
2562	1073	6
2563	360	41
2564	508	19
2565	194	9
2566	1063	4
2567	880	40
2568	465	28
2569	432	39
2570	362	12
2571	582	24
2572	866	24
2573	255	4
2574	506	5
2575	712	44
2576	213	18
2577	1091	36
2578	345	42
2579	540	5
2580	582	10
2581	670	27
2582	394	12
2583	287	30
2584	710	18
2585	600	18
2586	603	16
2587	688	35
2588	649	27
2589	296	21
2590	237	5
2591	644	41
2592	318	34
2593	115	34
2594	183	20
2595	145	37
2596	473	36
2597	723	27
2598	367	12
2599	669	15
2600	78	34
2601	57	43
2602	1119	2
2603	741	36
2604	206	20
2605	904	28
2606	1049	28
2607	778	14
2608	215	19
2609	1124	15
2610	94	15
2611	414	6
2612	1047	36
2613	241	11
2614	1025	42
2615	679	23
2616	794	17
2617	58	11
2618	33	42
2619	174	39
2620	350	8
2621	13	5
2622	543	22
2623	502	2
2624	759	36
2625	663	14
2626	1017	31
2627	514	33
2628	918	32
2630	474	32
2631	482	28
2632	337	28
2633	136	14
2634	1016	35
2635	812	30
2636	299	25
2637	1119	19
2638	961	32
2639	112	38
2640	387	25
2641	26	44
2642	598	41
2643	897	42
2644	28	21
2645	340	23
2646	1033	12
2647	352	33
2648	648	25
2649	296	38
2650	597	29
2651	51	19
2652	342	10
2653	1066	25
2654	324	35
2656	576	18
2657	629	12
2658	1102	17
2659	922	38
2660	676	23
2661	1100	21
2662	854	20
2663	998	32
2664	427	36
2665	903	27
2666	696	8
2667	957	12
2668	700	11
2669	40	10
2670	878	12
2671	405	32
2672	686	18
2673	589	14
2674	340	43
2675	864	43
2676	737	28
2677	1093	25
2678	796	19
2679	694	38
2680	422	9
2682	276	1
2683	845	36
2684	936	43
2685	804	42
2686	653	25
2687	218	16
2688	1089	36
2689	337	23
2690	177	41
2691	231	38
2693	968	42
2694	254	14
2695	903	2
2696	971	22
2697	518	29
2698	793	16
2699	310	23
2700	733	3
2701	392	28
2702	248	44
2703	47	2
2704	536	30
2705	96	26
2706	1012	33
2707	165	22
2708	255	11
2709	323	21
2710	889	27
2711	297	26
2712	352	27
2713	1	36
2715	810	29
2716	53	7
2717	271	23
2718	903	1
2719	922	26
2720	567	23
2721	869	40
2722	773	5
2723	600	3
2724	658	27
2725	113	12
2726	575	32
2727	605	40
2728	21	41
2729	891	22
2730	878	38
2731	1117	30
2732	293	20
2733	379	44
2734	881	45
2735	419	40
2736	549	45
2737	187	15
2738	284	21
2739	7	16
2740	754	13
2741	698	29
2742	282	17
2743	463	39
2744	672	11
2745	439	5
2746	95	12
2747	569	34
2748	390	3
2750	394	6
2751	878	32
2753	1126	45
2755	1088	35
2756	1103	38
2757	891	40
2758	29	27
2759	317	36
2760	1039	18
2761	292	19
2762	605	38
2763	146	43
2764	594	29
2765	65	29
2766	720	21
2767	521	1
2768	978	11
2769	990	3
2770	685	16
2771	189	18
2772	1098	1
2774	557	20
2775	71	39
2776	317	30
2777	682	36
2778	406	9
2779	211	23
2780	1092	7
2781	841	15
2782	528	5
2783	408	18
2784	599	2
2785	597	34
2786	965	15
2787	628	34
2788	69	34
2789	51	30
2790	910	33
2791	462	39
2792	473	34
2793	708	28
2794	22	34
2795	403	10
2796	744	20
2797	19	15
2798	720	4
2799	107	45
2800	1062	25
2801	486	43
2802	381	10
2803	819	5
2804	479	22
2805	958	10
2806	198	4
2807	550	40
2808	25	29
2809	1071	27
2811	604	39
2812	820	19
2813	358	40
2814	1020	18
2815	54	36
2816	831	4
2817	227	42
2818	1027	14
2820	620	13
2821	464	37
2822	1060	7
2823	308	12
2824	1022	7
2825	930	33
2826	480	13
2827	801	39
2828	155	44
2829	1036	40
2830	777	15
2831	950	21
2832	246	37
2833	173	22
2834	768	27
2835	895	9
2836	1052	3
2837	167	44
2838	609	37
2839	188	6
2840	441	39
2841	871	10
2842	660	40
2843	283	32
2844	564	13
2845	198	11
2846	113	20
2847	726	16
2848	54	24
2849	807	2
2850	771	5
2851	903	38
2852	446	12
2853	553	26
2854	1054	41
2855	496	36
2856	548	24
2857	1071	5
2858	993	1
2859	123	31
2860	179	6
2861	178	15
2862	988	15
2863	909	6
2864	191	33
2865	257	31
2866	883	17
2867	145	35
2868	636	37
2869	732	23
2870	357	41
2871	97	44
2872	828	6
2873	272	38
2874	332	9
2875	226	23
2876	838	15
2877	255	14
2878	726	29
2879	25	23
2880	1078	35
2881	291	10
2882	670	33
2883	423	28
2884	857	6
2885	325	4
2886	1090	19
2887	961	40
2888	269	39
2889	578	14
2890	733	29
2892	483	41
2893	931	16
2894	260	32
2895	767	38
2896	965	19
2897	125	35
2898	330	38
2899	634	35
2900	625	14
2901	112	36
2902	477	43
2903	495	7
2904	441	41
2905	900	30
2906	521	11
2907	42	2
2908	592	33
2909	975	15
2910	584	39
2911	924	12
2912	361	7
2913	880	25
2915	1095	29
2916	391	14
2917	162	43
2919	617	23
2920	790	35
2921	462	16
2922	91	9
2923	149	26
2924	399	3
2925	467	35
2926	126	6
2927	652	41
2928	190	32
2929	1078	8
2930	590	8
2931	396	2
2932	562	2
2933	658	45
2934	633	7
2936	643	10
2938	475	38
2939	949	29
2940	238	6
2941	711	45
2942	385	37
2943	432	35
2944	121	43
2945	685	32
2946	133	4
2947	924	22
2948	1035	12
2949	42	13
2950	226	45
2951	1006	33
2952	812	10
2953	659	38
2954	447	27
2955	365	44
2956	971	19
2957	588	14
2959	478	28
2960	231	27
2961	1121	19
2962	67	25
2963	377	19
2964	831	19
2965	674	22
2966	9	2
2967	75	13
2968	496	15
2969	776	13
2970	329	10
2971	556	43
2972	395	24
2973	21	23
2974	670	10
2975	428	29
2976	647	40
2977	710	19
2978	182	29
2979	945	27
2980	203	3
2981	347	44
2982	366	7
2983	867	18
2984	951	15
2985	249	14
2986	415	11
2987	1032	5
2988	454	4
2989	812	28
2990	921	30
2991	133	24
2993	671	40
2994	75	36
2995	264	11
2996	1086	33
2997	944	44
2998	708	2
2999	533	16
3000	861	39
3001	315	1
3002	1064	16
3003	889	1
3004	746	42
3005	760	35
3006	594	33
3007	663	40
3008	179	20
3009	583	40
3010	516	38
3011	773	2
3012	780	34
3013	134	12
3014	45	24
3015	1047	38
3016	301	17
3017	244	37
3018	948	28
3019	580	32
3020	758	7
3021	989	27
3022	1107	32
3024	668	20
3025	881	42
3026	510	10
3027	58	33
3028	1084	13
3029	96	5
3030	388	13
3031	550	30
3032	885	11
3033	509	28
3034	14	44
3035	110	15
3036	508	22
3037	2	9
3038	923	14
3039	893	22
3040	498	43
3041	939	24
3042	70	39
3043	167	33
3044	340	21
3045	5	13
3046	232	35
3047	1085	2
3048	1037	9
3049	853	1
3050	5	43
3051	638	12
3052	12	5
3053	1085	42
3054	740	2
3055	300	6
3056	654	43
3058	733	11
3059	144	29
3060	867	31
3061	455	24
3062	951	31
3063	307	7
3064	861	20
3065	739	30
3066	158	25
3067	286	43
3068	394	19
3069	309	32
3070	780	16
3071	786	8
3072	824	21
3073	1119	23
3074	1070	29
3075	100	22
3076	25	2
3077	248	8
3078	483	39
3079	109	7
3080	308	42
3081	587	32
3082	739	27
3083	715	34
3084	932	42
3085	966	7
3086	1100	17
3087	251	8
3088	280	41
3089	72	36
3090	539	22
3091	532	30
3092	1111	37
3093	276	26
3094	781	29
3095	361	41
3096	24	35
3097	455	22
3098	224	23
3100	88	11
3101	751	40
3102	327	40
3103	525	31
3104	579	15
3105	1061	36
3106	456	19
3107	357	20
3108	962	44
3109	94	37
3110	993	18
3111	441	15
3112	514	25
3113	562	15
3114	70	35
3115	193	40
3116	843	10
3117	35	10
3118	1130	14
3119	516	18
3120	716	25
3121	1001	3
3122	491	33
3123	810	39
3124	163	27
3125	50	45
3126	987	12
3127	964	35
3129	697	11
3130	967	6
3131	705	35
3132	976	21
3133	724	39
3134	600	1
3135	808	23
3136	363	42
3137	778	32
3138	965	10
3139	194	33
3140	1033	15
3141	479	4
3142	105	41
3143	9	24
3144	1062	6
3145	57	40
3146	689	22
3147	1046	36
3148	364	3
3149	478	2
3150	806	21
3151	334	38
3152	834	30
3153	370	33
3154	526	11
3155	1086	15
3156	1124	24
3157	1004	24
3158	87	24
3159	1121	31
3160	497	39
3162	883	34
3163	394	36
3164	260	21
3165	489	27
3166	732	15
3167	300	5
3168	735	10
3169	338	17
3170	99	31
3171	98	39
3172	723	14
3173	129	23
3174	320	31
3175	565	43
3176	982	34
3177	1106	42
3178	304	27
3179	128	40
3180	476	33
3181	121	23
3182	433	32
3183	233	20
3184	470	45
3185	207	18
3186	257	32
3187	1053	37
3188	772	29
3189	1038	28
3190	63	2
3191	169	1
3192	568	37
3193	618	13
3194	751	39
3195	979	19
3196	301	8
3197	268	21
3198	715	24
3199	966	25
3200	245	2
3201	1000	25
3202	66	11
3203	28	28
3204	920	15
3205	991	13
3206	652	33
3207	626	1
3208	785	8
3209	939	6
3210	1031	39
3211	898	44
3213	840	6
3214	1091	20
3215	1090	16
3216	865	34
3217	142	8
3218	1108	39
3219	451	7
3220	829	23
3221	624	34
3222	222	27
3223	355	32
3224	926	24
3225	862	8
3226	374	15
3227	823	38
3228	1049	11
3229	226	9
3230	423	10
3231	1001	2
3232	35	26
3233	509	35
3234	759	43
3235	1019	11
3236	227	43
3237	890	18
3238	783	19
3239	395	27
3240	401	10
3241	344	29
3242	732	30
3243	758	36
3244	382	35
3246	554	41
3247	1013	32
3248	897	15
3249	1125	1
3250	326	40
3251	736	8
3252	397	21
3253	362	38
3255	135	16
3256	583	6
3257	1101	23
3258	1111	7
3259	76	35
3260	653	32
3261	616	9
3262	642	7
3263	722	24
3264	34	13
3265	296	9
3266	329	9
3267	416	33
3268	646	26
3269	424	14
3271	651	37
3272	857	11
3273	661	20
3274	261	2
3276	605	7
3277	899	8
3278	483	27
3279	748	28
3280	277	33
3281	32	2
3282	879	27
3283	267	26
3284	900	43
3285	909	28
3286	676	25
3287	73	37
3288	768	16
3289	1030	32
3290	52	45
3291	622	14
3292	1075	39
3293	170	9
3294	664	38
3295	306	4
3296	1007	8
3297	405	17
3298	998	28
3299	621	31
3300	116	21
3301	985	27
3302	1062	4
3303	50	5
3304	115	4
3305	1112	29
3306	139	15
3307	997	28
3308	774	8
3309	896	36
3310	807	27
3311	930	5
3312	408	40
3313	329	13
3314	47	21
3315	365	14
3316	501	42
3317	191	34
3318	683	35
3319	1125	7
3320	62	33
3321	178	27
3322	496	14
3323	348	36
3324	382	37
3325	37	23
3326	1111	17
3327	967	40
3328	1080	15
3329	308	17
3330	1064	2
3331	964	13
3332	892	14
3333	396	15
3334	139	31
3335	1103	15
3336	429	9
3337	121	39
3338	896	35
3339	596	26
3340	782	22
3341	887	9
3342	387	5
3343	7	9
3344	816	30
3345	126	37
3346	1012	34
3347	897	18
3348	155	2
3349	1039	43
3350	34	24
3351	964	20
3352	374	38
3353	847	34
3354	626	10
3355	460	18
3356	171	7
3357	515	21
3358	589	20
3359	665	4
3360	287	15
3361	1062	32
3362	949	36
3363	898	2
3364	862	12
3365	707	38
3366	507	43
3367	868	6
3368	132	13
3369	511	37
3370	623	36
3371	414	1
3372	859	4
3373	1079	41
3374	120	44
3375	644	26
3376	637	2
3377	407	20
3378	133	30
3379	903	14
3380	1073	23
3381	202	17
3382	929	22
3383	338	3
3384	483	34
3385	554	22
3386	147	20
3387	247	21
3388	658	29
3389	607	9
3390	955	30
3391	1031	44
3392	765	9
3393	187	16
3394	1095	24
3395	437	9
3396	595	7
3397	256	14
3398	726	28
3399	43	1
3400	144	23
3401	350	2
3402	902	9
3403	890	26
3404	880	11
3405	498	27
3406	209	42
3407	67	2
3408	731	42
3409	739	20
3410	797	38
3411	760	5
3413	109	27
3416	118	14
3417	885	30
3418	384	22
3419	892	40
3420	437	14
3421	714	21
3422	530	23
3423	199	21
3424	224	8
3425	1088	44
3426	874	23
3427	227	17
3428	1110	2
3429	149	23
3430	438	17
3431	469	32
3432	523	43
3433	80	37
3434	51	10
3435	1055	39
3436	616	17
3437	708	13
3438	417	33
3439	527	12
3440	261	44
3441	545	3
3442	237	14
3443	1021	32
3444	995	24
3445	520	34
3446	339	1
3447	1093	41
3448	49	18
3449	765	27
3450	166	18
3451	590	17
3452	571	16
3453	800	2
3455	927	33
3456	151	34
3457	944	7
3458	994	22
3459	172	15
3460	815	37
3461	411	30
3463	971	24
3464	33	29
3465	1041	41
3466	621	26
3467	561	17
3468	726	34
3469	119	9
3470	966	9
3471	977	37
3472	318	11
3473	547	30
3474	914	19
3475	68	25
3476	608	36
3477	238	37
3478	843	29
3479	920	13
3480	421	30
3482	355	6
3483	942	13
3484	808	25
3485	72	3
3486	1074	22
3487	523	11
3488	1087	43
3489	436	11
3490	609	8
3491	668	28
3492	302	9
3493	548	21
3494	1036	23
3495	368	25
3496	17	42
3497	1105	44
3498	649	33
3499	439	3
3500	999	40
3501	890	23
3502	263	31
3503	975	40
3504	811	17
3505	629	15
3506	203	4
3507	962	17
3508	89	19
3509	605	18
3510	369	37
3511	985	29
3512	1127	13
3514	241	18
3515	517	39
3516	746	32
3517	807	11
3518	245	28
3519	739	39
3520	1119	38
3521	751	1
3522	934	6
3523	225	11
3524	395	32
3525	71	25
3526	1003	10
3527	853	34
3528	260	14
3529	811	2
3530	412	21
3531	579	11
3532	269	17
3533	360	2
3534	958	40
3535	740	21
3536	1044	42
3537	732	9
3538	89	39
3539	884	19
3540	371	36
3541	253	25
3542	294	37
3543	570	7
3544	419	37
3545	1074	28
3547	897	34
3548	1109	9
3549	224	42
3550	694	42
3551	504	35
3552	420	10
3553	852	35
3554	492	8
3555	766	15
3556	922	34
3557	1027	44
3558	794	13
3559	1039	32
3560	1086	45
3561	192	5
3562	181	5
3563	84	5
3565	721	4
3566	861	21
3567	130	4
3568	250	42
3569	493	12
3570	887	23
3571	790	26
3572	701	21
3574	423	4
3575	117	6
3576	328	32
3577	784	14
3578	856	45
3579	1022	21
3580	917	21
3581	292	18
3582	1129	45
3583	7	24
3584	317	41
3585	556	5
3586	344	19
3587	746	30
3588	763	35
3589	818	8
3590	951	16
3591	64	21
3592	343	32
3593	697	30
3594	517	18
3595	628	45
3596	935	43
3597	269	20
3599	370	20
3600	952	45
3601	857	30
3602	773	7
3603	331	20
3604	101	43
3605	714	40
3606	846	17
3607	734	1
3608	113	14
3609	350	41
3610	753	31
3611	734	22
3612	938	18
3613	406	34
3614	732	1
3615	1085	36
3616	489	43
3617	443	36
3618	881	32
3619	845	16
3620	427	44
3621	541	9
3622	98	12
3623	531	36
3624	882	23
3625	1014	18
3626	260	39
3627	611	6
3628	750	21
3629	141	43
3630	277	23
3631	724	8
3632	376	21
3633	798	8
3634	741	5
3635	558	26
3636	179	8
3637	430	12
3638	972	3
3639	678	45
3640	1073	16
3641	542	31
3642	511	18
3643	229	43
3644	349	13
3645	388	25
3646	736	9
3647	837	3
3649	213	42
3650	148	45
3651	82	20
3652	1041	9
3653	943	39
3654	224	36
3655	980	3
3656	520	4
3657	484	42
3658	957	33
3659	9	31
3660	339	14
3661	407	5
3662	54	3
3663	450	4
3664	179	44
3665	636	26
3666	105	13
3667	185	26
3668	681	41
3669	240	28
3670	825	8
3671	900	10
3672	950	29
3673	1061	2
3674	310	41
3675	802	7
3676	1008	23
3677	116	15
3678	1027	36
3679	389	23
3680	641	29
3681	34	29
3682	1026	22
3683	879	33
3684	359	29
3685	335	4
3686	765	35
3687	635	16
3688	212	25
3689	630	29
3690	201	34
3691	662	20
3692	534	26
3693	3	43
3696	570	8
3697	135	41
3698	1097	37
3700	824	42
3701	79	37
3702	455	7
3703	466	24
3704	381	19
3705	206	12
3706	671	43
3707	215	25
3708	397	5
3709	363	6
3710	125	26
3711	854	22
3712	803	15
3713	398	29
3714	1123	10
3715	178	22
3716	442	26
3717	460	24
3718	274	13
3719	327	3
3720	453	38
3721	1024	22
3722	438	12
3723	76	10
3724	598	4
3725	336	4
3726	947	36
3727	812	22
3728	649	15
3729	479	24
3730	1000	11
3731	506	12
3732	795	33
3733	527	41
3734	940	7
3735	53	40
3736	273	13
3737	239	17
3738	840	39
3739	604	18
3740	1079	5
3741	987	45
3742	948	26
3743	83	11
3744	919	7
3746	467	1
3747	886	14
3748	465	14
3749	667	33
3750	787	36
3751	49	2
3752	520	5
3753	629	44
3754	408	8
3755	106	9
3756	1118	23
3757	643	1
3758	445	4
3759	937	27
3760	730	5
3761	733	41
3763	1099	11
3764	341	43
3765	19	10
3766	709	16
3767	842	15
3768	456	16
3769	89	15
3770	766	41
3771	730	16
3772	771	32
3773	1021	39
3774	444	27
3775	865	22
3776	353	36
3777	990	44
3778	1019	38
3779	692	21
3780	1013	13
3781	30	38
3782	198	37
3783	653	36
3784	105	12
3785	434	30
3786	876	21
3787	430	7
3788	697	26
3789	1063	37
3790	957	27
3791	211	25
3792	1069	40
3793	173	21
3794	281	38
3795	41	41
3796	147	28
3797	912	42
3798	31	4
3799	693	42
3800	426	4
3801	528	29
3802	1114	1
3803	638	38
3805	695	19
3806	85	35
3807	959	7
3808	435	4
3809	321	37
3810	125	23
3811	368	15
3812	535	33
3813	804	5
3814	647	4
3815	997	13
3816	758	25
3817	925	11
3818	109	17
3820	56	29
3821	1022	17
3822	316	18
3823	47	32
3824	1043	19
3825	1018	45
3826	1059	28
3827	1029	41
3828	602	9
3829	844	11
3830	988	39
3831	342	36
3832	730	27
3833	551	44
3834	1081	1
3835	1032	23
3836	317	24
3837	786	29
3838	943	19
3839	385	26
3840	1116	18
3841	188	17
3842	640	39
3843	1084	27
3844	665	7
3846	417	22
3847	738	8
3849	891	34
3850	595	38
3851	988	45
3852	143	36
3853	704	41
3854	503	3
3855	412	22
3856	200	36
3857	51	12
3858	592	11
3859	517	5
3860	925	30
3862	815	23
3863	282	44
3864	855	45
3865	1051	27
3866	931	30
3867	737	7
3868	981	30
3869	792	15
3870	10	39
3871	795	30
3872	29	22
3873	389	9
3874	497	3
3875	262	14
3876	932	45
3878	849	33
3879	356	35
3880	594	2
3882	164	29
3883	525	2
3884	632	12
3885	946	6
3886	154	23
3887	739	23
3889	1020	13
3890	1052	31
3891	996	24
3892	294	2
3894	418	33
3895	910	26
3896	1012	14
3897	916	6
3898	683	37
3899	752	40
3900	239	36
3901	856	29
3902	922	16
3903	866	10
3904	639	8
3905	1089	45
3906	589	12
3907	90	28
3908	143	34
3909	316	7
3910	750	20
3911	764	44
3912	860	20
3913	770	45
3914	431	41
3915	436	10
3916	1130	19
3917	637	1
3918	391	17
3919	532	14
3920	311	32
3921	871	11
3922	844	1
3923	110	39
3924	595	21
3925	753	9
3926	1049	37
3927	37	21
3928	1036	44
3929	541	41
3930	839	27
3931	316	2
3932	657	31
3934	25	41
3935	341	23
3936	984	24
3937	520	9
3938	993	2
3939	973	40
3940	633	36
3941	833	6
3942	887	40
3943	515	17
3944	1018	16
3945	236	9
3946	855	43
3947	1124	32
3948	663	28
3949	373	19
3950	806	43
3951	45	23
3952	203	18
3953	752	30
3954	985	11
3956	862	6
3957	698	27
3958	813	35
3959	627	22
3960	905	20
3961	520	27
3962	223	36
3963	741	41
3964	326	32
3965	397	43
3966	885	18
3967	1098	12
3968	916	22
3969	562	43
3970	873	21
3971	512	17
3972	24	26
3973	896	27
3974	258	8
3975	1008	30
3976	481	27
3977	809	34
3978	770	35
3979	1006	18
3980	549	17
3981	1038	40
3982	885	9
3983	909	1
3984	712	43
3985	186	19
3986	709	37
3987	1050	20
3988	266	44
3989	178	28
3990	228	2
3991	310	8
3992	805	24
3993	221	15
3994	822	6
3995	540	26
3996	165	10
3997	245	8
3998	882	40
3999	122	17
4000	867	19
4001	245	5
4002	881	11
4003	779	29
4004	1085	39
4005	900	19
4006	782	2
4007	935	35
4008	199	9
4009	678	14
4010	1010	30
4011	1103	21
4012	443	37
4013	467	14
4014	348	17
4015	972	21
4016	855	42
4017	1003	20
4018	23	41
4020	1129	27
4021	37	2
4022	589	23
4023	136	21
4024	740	16
4025	725	13
4026	211	41
4027	264	30
4028	610	14
4029	600	21
4030	451	19
4031	736	39
4032	1112	3
4033	731	22
4034	1109	45
4035	561	7
4036	981	5
4038	124	40
4039	545	40
4040	630	44
4041	129	7
4042	1042	34
4043	765	3
4044	226	25
4045	285	27
4046	1055	13
4047	985	14
4048	696	17
4049	1015	18
4050	660	32
4051	830	40
4052	1034	42
4053	557	29
4054	838	39
4055	258	38
4056	372	22
4057	59	1
4058	688	36
4059	859	39
4060	317	40
4061	283	27
4062	321	2
4063	1102	19
4064	31	3
4066	451	43
4067	73	43
4068	410	28
4069	127	22
4070	610	42
4071	685	33
4072	577	23
4073	213	31
4074	580	4
4075	638	32
4076	888	15
4077	701	26
4078	27	44
4079	827	36
4080	703	7
4081	597	10
4082	303	42
4083	651	15
4084	799	35
4085	1055	14
4086	1094	1
4087	772	12
4088	632	28
4089	1080	25
4090	298	4
4091	917	5
4092	303	21
4093	162	27
4094	386	7
4095	567	1
4096	462	37
4097	545	15
4098	869	29
4099	993	7
4100	940	10
4101	648	27
4102	866	16
4103	20	44
4104	750	43
4105	689	6
4106	799	19
4107	573	15
4108	458	10
4109	668	31
4110	163	40
4111	563	9
4112	850	10
4113	561	14
4114	197	41
4115	127	20
4116	518	21
4117	1033	35
4118	648	9
4119	789	4
4120	211	39
4121	570	30
4122	769	22
4123	1026	19
4124	55	37
4125	339	36
4126	522	12
4127	1014	28
4128	8	24
4129	693	5
4130	672	8
4131	433	40
4132	740	41
4133	1113	39
4134	251	9
4135	634	9
4136	82	43
4137	419	32
4138	371	6
4139	1023	44
4140	691	37
4141	803	26
4142	1040	1
4143	408	7
4144	32	29
4145	214	18
4146	888	40
4147	686	40
4148	1075	10
4149	989	9
4150	684	27
4151	281	43
4152	341	7
4153	423	1
4154	965	44
4155	895	40
4156	820	22
4158	601	30
4159	986	33
4160	554	30
4161	428	8
4162	583	23
4163	174	31
4164	523	33
4165	140	28
4166	209	36
4167	100	23
4168	916	24
4169	777	38
4170	356	24
4171	389	16
4173	402	19
4174	940	2
4175	304	5
4176	5	15
4177	95	30
4178	835	30
4179	527	21
4180	647	19
4181	473	35
4182	18	7
4183	659	1
4184	1100	44
4185	641	24
4186	1077	33
4187	519	20
4188	50	6
4189	859	25
4190	560	22
4191	834	45
4192	860	26
4193	1007	3
4194	1045	11
4195	394	35
4196	421	7
4198	173	23
4199	452	9
4200	941	45
4201	206	32
4202	243	28
4203	13	13
4204	83	33
4205	702	23
4206	507	25
4207	398	27
4208	261	41
4210	40	18
4211	205	39
4212	570	5
4213	804	7
4214	576	4
4215	820	14
4216	612	36
4217	933	4
4218	159	39
4219	840	18
4220	552	41
4221	265	22
4222	858	18
4223	816	3
4224	302	25
4225	145	14
4226	1095	11
4227	619	14
4228	955	42
4229	151	22
4230	461	42
4231	410	41
4232	175	36
4234	421	35
4235	72	43
4237	784	11
4238	290	7
4240	769	41
4242	655	34
4243	1128	31
4244	52	10
4247	235	24
4248	625	28
4249	1094	38
4251	633	14
4252	155	41
4253	380	14
4254	242	1
4255	933	35
4256	724	45
4257	906	2
4258	692	42
4259	11	21
4260	331	14
4261	486	39
4262	188	29
4263	335	43
4264	979	32
4265	384	8
4266	160	6
4267	187	9
4268	689	20
4269	232	30
4270	568	45
4271	718	41
4272	703	19
4273	1123	39
4274	1128	16
4275	383	21
4276	897	23
4277	705	27
4278	695	33
4279	955	31
4280	919	13
4281	546	38
4282	89	28
4283	748	31
4284	1076	20
4285	690	37
4287	378	18
4288	1003	16
4289	892	22
4290	535	1
4291	546	18
4292	715	1
4293	1074	17
4294	622	9
4295	31	44
4296	1017	11
4297	859	10
4299	54	32
4300	373	29
4301	1026	35
4302	216	15
4303	305	17
4304	429	34
4305	482	19
4307	883	16
4308	513	43
4309	362	34
4310	962	18
4311	725	44
4312	528	10
4313	798	43
4314	1033	14
4315	1053	22
4316	506	22
4317	968	11
4318	34	32
4319	1105	21
4320	1067	15
4321	1126	44
4323	1042	41
4324	95	33
4325	690	2
4326	513	10
4327	309	15
4329	3	6
4330	413	36
4331	926	14
4332	1017	26
4333	855	18
4334	889	16
4335	221	29
4336	390	18
4337	1012	2
4338	1120	21
4339	447	41
4340	325	32
4341	648	33
4342	536	31
4343	129	27
4344	236	6
4345	639	14
4346	631	30
4347	932	28
4348	463	34
4349	585	3
4350	1050	29
4351	262	13
4352	431	21
4354	616	34
4355	756	31
4356	645	7
4357	218	13
4358	517	2
4359	309	14
4360	1040	24
4361	367	19
4362	227	37
4363	1107	19
4364	1067	34
4365	246	24
4366	131	20
4367	1041	7
4368	1092	44
4369	370	31
4370	359	34
4371	550	28
4372	771	6
4373	116	29
4374	626	9
4375	968	38
4376	551	43
4377	196	16
4378	524	39
4379	891	16
4380	824	24
4381	699	9
4382	810	15
4383	1020	45
4384	630	10
4385	1058	35
4386	944	37
4387	998	11
4388	363	24
4389	350	31
4390	180	18
4391	848	23
4392	964	5
4393	311	31
4394	112	28
4395	1083	43
4396	487	43
4397	915	9
4398	789	42
4399	136	7
4400	509	26
4401	382	6
4402	1118	42
4403	941	26
4404	475	32
4405	728	4
4406	285	41
4407	5	36
4408	553	4
4409	35	32
4410	1121	26
4411	253	7
4412	43	4
4413	878	20
4414	754	39
4415	372	21
4416	44	31
4417	479	15
4418	312	37
4419	300	16
4420	1090	17
4421	241	36
4422	939	23
4423	206	33
4425	934	10
4426	424	8
4427	242	17
4428	561	27
4429	87	38
4430	343	9
4431	655	28
4432	40	17
4433	219	41
4434	930	4
4435	337	14
4436	622	13
4437	1	26
4438	380	21
4439	315	27
4440	866	15
4441	1092	43
4442	499	36
4443	675	29
4444	811	5
4445	378	34
4446	85	16
4447	938	37
4448	711	32
4449	992	2
4450	470	30
4451	595	30
4452	865	31
4454	1064	35
4455	18	9
4456	699	28
4458	151	30
4459	935	13
4460	417	41
4461	883	35
4462	884	34
4463	478	27
4464	844	24
4465	575	8
4466	66	36
4467	243	5
4468	691	7
4469	443	41
4470	63	5
4471	717	17
4472	11	29
4473	948	41
4474	59	39
4475	691	14
4476	1113	35
4477	52	18
4478	493	43
4479	829	10
4480	544	8
4482	831	29
4483	809	30
4484	182	30
4485	108	23
4486	978	37
4487	941	22
4488	263	27
4489	484	20
4490	552	20
4491	90	11
4492	212	30
4493	6	25
4494	823	26
4495	116	1
4496	448	27
4497	270	25
4498	22	21
4499	956	30
4500	320	35
4501	944	23
4502	1060	18
4503	337	40
4504	651	23
4505	1040	27
4506	71	45
4507	49	23
4508	840	36
4509	593	27
4510	1111	18
4511	743	23
4512	364	26
4513	1002	35
4514	55	44
4515	108	10
4516	451	31
4517	634	4
4518	17	31
4519	986	17
4520	841	22
4521	615	3
4522	458	30
4523	965	34
4524	1054	18
4525	814	27
4526	286	25
4527	534	40
4528	904	35
4530	805	23
4531	952	4
4532	721	44
4533	302	5
4534	536	13
4535	573	28
4536	563	22
4537	503	31
4538	721	42
4539	1068	36
4540	921	42
4541	249	30
4542	797	21
4543	951	34
4544	781	32
4545	390	22
4546	206	23
4548	303	27
4549	388	3
4550	1027	8
4551	351	28
4552	398	21
4553	592	9
4556	183	9
4557	171	41
4558	63	21
4559	710	5
4560	254	4
4561	435	45
4562	687	8
4563	700	26
4564	756	17
4565	901	8
4566	26	39
4567	1092	9
4568	804	25
4569	461	33
4570	841	45
4571	97	32
4572	693	20
4573	160	37
4574	116	13
4575	1096	15
4576	291	43
4577	220	29
4578	817	25
4579	736	17
4580	200	1
4581	184	10
4583	244	16
4584	300	8
4586	1112	11
4587	949	13
4588	280	23
4589	449	25
4590	770	36
4591	797	4
4592	517	23
4593	566	10
4594	436	16
4595	279	35
4597	792	13
4598	153	36
4599	561	5
4600	580	13
4601	1106	2
4602	336	30
4603	709	27
4604	742	45
4605	111	5
4606	1076	9
4607	821	32
4608	1000	21
4609	261	30
4610	713	42
4611	545	39
4612	585	8
4613	170	11
4614	60	28
4615	999	28
4616	1039	36
4617	790	12
4618	847	15
4619	867	39
4620	775	45
4621	240	3
4622	101	19
4623	232	45
4624	289	7
4625	128	36
4626	194	40
4627	711	10
4629	62	3
4630	352	8
4631	940	23
4632	304	16
4633	711	36
4634	568	41
4635	603	26
4636	146	37
4637	185	39
4638	61	38
4639	1024	40
4640	827	33
4641	645	16
4642	954	41
4643	144	17
4644	650	42
4645	321	43
4646	514	34
4647	451	30
4648	528	7
4649	619	15
4650	251	5
4651	889	33
4652	468	4
4653	541	2
4654	963	43
4655	1061	29
4656	775	14
4657	370	41
4658	580	24
4659	1120	35
4660	957	9
4661	786	17
4662	368	40
4663	160	36
4664	636	1
4665	678	12
4666	456	3
4667	914	32
4668	749	42
4669	583	29
4670	863	20
4671	425	17
4672	1075	44
4673	1011	14
4674	315	44
4675	1086	11
4676	528	36
4677	290	20
4678	844	17
4679	415	7
4680	578	20
4681	482	25
4682	565	12
4683	307	5
4684	536	12
4685	893	45
4686	655	3
4687	920	1
4688	287	19
4689	1009	8
4690	423	26
4691	307	20
4692	1007	42
4693	277	17
4694	410	31
4695	771	16
4696	923	17
4697	312	20
4698	1071	3
4699	369	27
4700	26	20
4701	669	13
4702	534	35
4703	21	38
4704	752	1
4705	663	30
4706	615	26
4707	356	30
4708	472	14
4709	1112	35
4710	285	32
4711	219	1
4712	787	35
4713	496	33
4714	828	16
4716	459	30
4717	1130	13
4718	1053	36
4719	425	3
4720	250	5
4722	1113	22
4723	635	10
4725	469	20
4726	170	35
4727	240	43
4728	1087	45
4729	139	26
4730	1048	14
4731	347	4
4733	298	33
4734	1129	2
4735	1076	18
4736	326	30
4737	453	4
4738	900	45
4739	718	3
4740	491	9
4741	978	21
4742	703	1
4743	373	38
4745	90	19
4746	630	25
4747	424	4
4748	923	33
4749	1105	38
4750	958	8
4751	618	1
4752	785	37
4753	1119	17
4754	352	6
4755	122	16
4756	2	10
4757	1017	14
4758	321	7
4759	969	3
4760	452	1
4761	600	44
4762	929	45
4763	345	36
4764	59	38
4765	967	41
4766	439	40
4767	911	12
4768	1074	34
4769	426	42
4770	133	29
4771	430	4
4772	891	8
4773	324	21
4774	192	35
4775	783	18
4776	610	39
4778	163	32
4779	525	11
4780	583	27
4781	873	43
4782	657	22
4783	284	10
4784	284	17
4785	533	3
4786	559	42
4787	176	9
4788	989	25
4789	1065	6
4790	478	42
4791	305	22
4792	1010	15
4793	390	16
4794	909	12
4795	666	6
4796	380	6
4797	889	20
4798	538	14
4799	744	45
4800	100	9
4801	702	1
4802	92	45
4803	268	25
4804	39	28
4805	97	33
4806	49	40
4807	90	21
4808	805	13
4809	276	3
4810	466	7
4811	791	13
4812	145	17
4813	552	29
4814	949	26
4815	1069	13
4817	418	15
4818	342	6
4819	633	32
4820	546	15
4821	439	28
4822	463	40
4823	914	37
4824	829	29
4825	450	42
4826	1057	40
4827	234	30
4828	2	6
4829	783	17
4830	911	28
4831	616	13
4832	14	41
4833	825	40
4834	423	24
4835	279	42
4836	577	1
4837	61	30
4838	98	3
4839	530	42
4840	471	4
4841	110	45
4842	986	7
4843	677	38
4844	210	44
4845	321	33
4846	475	29
4848	254	16
4849	28	31
4850	981	34
4851	921	21
4852	862	35
4853	1032	39
4854	639	38
4855	502	20
4856	769	20
4857	182	32
4858	207	38
4859	209	11
4860	886	44
4861	1120	16
4862	882	35
4863	1015	20
4864	745	38
4865	596	45
4866	763	13
4867	218	5
4868	553	12
4869	906	27
4870	977	20
4871	1054	33
4872	644	18
4873	76	6
4874	727	3
4875	795	18
4876	959	16
4877	349	19
4878	1000	22
4879	511	13
4880	695	42
4881	651	7
4882	313	6
4884	377	6
4885	839	22
4886	235	10
4887	187	39
4888	186	5
4889	1074	9
4890	1015	27
4891	713	38
4892	77	43
4894	794	19
4895	154	8
4896	151	27
4897	1094	15
4898	129	4
4899	589	34
4900	182	8
4901	666	44
4902	764	2
4903	119	28
4904	950	16
4905	251	41
4906	563	38
4907	111	16
4908	738	2
4909	422	12
4910	1007	30
4911	596	40
4912	467	20
4913	464	42
4914	422	35
4915	334	28
4916	105	7
4917	1002	13
4918	59	8
4919	464	4
4920	1019	43
4921	796	11
4922	539	15
4923	402	37
4924	956	17
4925	532	35
4926	963	37
4927	869	31
4928	698	12
4929	1070	15
4930	613	9
4933	633	25
4934	205	31
4936	611	33
4937	1081	34
4938	599	3
4939	614	4
4940	727	35
4941	5	28
4942	839	13
4943	19	22
4944	672	4
4945	433	13
4946	296	11
4947	583	45
4948	927	16
4949	172	23
4950	1005	22
4951	980	35
4952	541	6
4953	738	34
4954	48	35
4955	56	45
4956	39	31
4957	622	41
4958	489	34
4959	260	35
4960	158	44
4961	27	2
4962	821	11
4963	1018	19
4964	346	22
4965	918	44
4966	761	2
4967	1004	5
4968	594	38
4969	380	18
4970	495	16
4971	461	14
4972	361	14
4973	395	29
4974	393	16
4975	566	41
4976	785	35
4977	130	28
4978	22	41
4980	257	12
4981	275	36
4982	867	35
4984	665	26
4985	173	12
4986	627	16
4987	237	45
4988	515	44
4989	742	39
4990	1110	19
4991	665	30
4992	818	44
4993	860	6
4994	1054	29
4995	1061	19
4996	518	32
4997	782	3
4998	1025	11
4999	376	45
5000	652	19
5001	501	10
5002	1051	29
5003	243	43
5004	341	24
5005	1010	6
5006	313	5
5007	579	17
5008	995	3
5009	700	10
5010	1	24
5011	151	5
5012	25	45
5013	1024	27
5014	915	8
5015	872	7
5016	111	39
5017	559	40
5018	292	8
5019	69	27
5020	448	23
5021	370	2
5022	484	44
5023	1048	34
5024	969	28
5025	403	18
5026	550	45
5027	799	41
5028	1009	18
5029	176	41
5030	637	26
5031	523	2
5032	738	3
5033	1082	38
5034	166	11
5035	841	34
5036	1000	29
5037	555	12
5038	1071	11
5039	771	29
5040	191	9
5041	1064	36
5042	834	28
5043	560	33
5044	544	31
5045	963	22
5046	631	20
5047	697	2
5048	714	16
5050	823	24
5051	415	24
5052	669	32
5053	391	8
5054	139	45
5055	903	15
5056	336	13
5057	845	18
5058	959	6
5059	36	2
5060	180	14
5061	61	13
5062	1069	33
5063	967	44
5064	700	24
5065	956	42
5066	457	6
5067	619	29
5068	195	39
5069	65	18
5070	1078	21
5071	743	27
5072	602	25
5073	203	21
5074	65	24
5075	74	12
5076	908	24
5077	1040	21
5078	97	41
5079	470	9
5080	848	42
5081	186	28
5082	495	21
5083	774	32
5084	271	14
5085	204	15
5086	236	20
5087	970	3
5088	669	43
5089	391	10
5090	856	19
5091	1077	4
5092	1081	36
5093	537	5
5094	1037	7
5095	181	37
5096	943	42
5097	303	8
5098	375	44
5099	378	36
5100	514	3
5101	951	26
5102	51	44
5103	276	18
5104	624	20
5105	493	25
5106	1076	36
5107	610	43
5108	90	40
5110	901	30
5111	531	8
5112	858	11
5113	843	11
5114	960	17
5115	952	12
5116	428	13
5117	974	26
5119	791	27
5120	862	5
5121	1117	40
5122	207	34
5123	323	17
5124	377	31
5125	419	33
5126	379	24
5127	983	12
5128	554	6
5129	405	26
5130	727	33
5131	580	35
5132	411	25
5133	973	15
5134	103	9
5135	171	8
5136	662	9
5137	511	33
5138	45	38
5139	515	19
5140	638	6
5141	754	32
5142	945	23
5143	937	12
5144	538	24
5145	1052	40
5146	465	19
5147	87	32
5148	286	2
5149	506	27
5150	386	30
5151	1048	38
5152	333	32
5153	1010	14
5154	385	5
5155	506	39
5157	81	7
5158	146	34
5159	168	12
5160	648	3
5161	995	10
5162	992	26
5163	928	24
5164	978	16
5165	42	36
5166	482	44
5167	350	10
5168	1015	37
5169	314	14
5170	614	17
5171	562	10
5172	33	6
5173	645	35
5174	1047	5
5175	692	3
5176	325	18
5177	227	25
5178	612	9
5179	863	30
5181	303	41
5182	448	8
5183	501	30
5184	62	26
5185	606	31
5186	125	21
5187	526	39
5188	963	12
5189	123	45
5191	288	17
5192	605	35
5193	473	19
5194	416	43
5195	670	6
5196	192	25
5197	339	33
5198	938	11
5199	368	26
5200	217	19
5201	1063	27
5202	740	27
5203	69	45
5204	887	32
5205	688	1
5206	1044	37
5207	895	15
5208	1065	37
5209	905	42
5210	1122	32
5211	1122	21
5212	660	26
5213	1072	11
5214	819	34
5215	564	16
5216	663	11
5217	4	28
5218	297	29
5221	357	26
5222	1073	42
5223	431	8
5224	333	8
5225	292	39
5226	166	36
5227	77	38
5228	894	2
5229	979	38
5230	20	37
5231	338	29
5232	84	3
5233	742	35
5234	289	12
5235	1009	1
5236	584	42
5237	837	45
5238	287	16
5239	388	43
5240	399	30
5241	1083	37
5242	975	1
5243	808	41
5244	768	35
5245	1082	43
5246	500	6
5247	1021	45
5248	620	4
5249	295	34
5250	801	19
5251	996	18
5252	1127	20
5253	641	3
5254	785	28
5255	148	39
5256	82	26
5257	598	15
5258	804	3
5259	679	27
5260	179	9
5261	396	10
5262	190	35
5263	861	27
5264	1005	40
5265	642	43
5266	995	25
5267	57	5
5268	793	36
5269	124	13
5270	1120	38
5271	147	36
5273	1116	33
5274	1070	3
5275	242	14
5276	812	17
5277	299	30
5278	340	4
5279	6	35
5280	552	9
5281	560	41
5282	62	27
5283	221	20
5284	848	28
5285	1046	34
5286	921	29
5287	916	43
5288	1097	42
5289	901	17
5290	80	26
5291	664	9
5292	899	14
5293	416	34
5294	673	10
5296	671	36
5297	994	40
5298	1082	33
5299	353	21
5300	572	13
5301	234	37
5302	354	15
5303	967	26
5304	738	26
5305	510	19
5306	409	34
5307	632	40
5308	323	34
5309	444	38
5310	7	3
5311	1117	25
5312	822	37
5313	9	21
5314	579	16
5315	150	26
5316	344	10
5317	1089	5
5318	756	22
5320	354	24
5321	571	24
5322	155	30
5323	252	6
5324	217	42
5325	27	7
5326	104	10
5327	413	26
5328	369	5
5329	877	43
5330	1047	31
5331	636	20
5332	676	24
5333	1091	16
5334	234	4
5335	417	23
5336	717	14
5337	893	23
5338	660	31
5339	575	13
5340	1008	33
5341	636	40
5342	1050	35
5344	688	37
5345	256	20
5346	716	1
5347	526	13
5348	988	27
5349	974	27
5350	797	11
5351	383	25
5352	786	35
5353	277	4
5354	309	3
5355	494	7
5356	181	14
5357	815	18
5358	944	24
5359	37	19
5360	193	12
5361	574	4
5363	795	13
5364	126	10
5365	60	36
5366	837	11
5367	115	11
5368	757	12
5369	787	44
5370	754	8
5371	144	4
5372	942	18
5373	246	35
5374	246	33
5375	602	23
5376	215	14
5377	232	29
5378	430	2
5379	585	12
5380	222	9
5381	972	40
5382	851	11
5383	658	20
5384	114	37
5385	977	38
5387	908	33
5388	212	19
5389	389	27
5390	436	22
5391	379	31
5392	935	15
5393	437	2
5394	139	25
5395	800	12
5396	1104	41
5397	281	15
5398	281	5
5399	659	34
5400	924	7
5401	288	30
5402	1029	29
5403	1103	30
5404	252	33
5405	963	36
5406	233	1
5407	250	38
5408	959	3
5409	475	39
5410	675	45
5411	256	31
5412	978	20
5413	14	26
5414	1129	34
5415	128	35
5416	757	24
5417	726	44
5418	366	44
5419	70	27
5420	859	45
5422	857	37
5423	563	44
5424	943	41
5425	1029	38
5426	434	32
5427	444	34
5428	813	4
5429	808	6
5430	755	20
5431	1098	40
5432	639	45
5433	1066	35
5434	16	39
5435	729	3
5436	566	45
5437	137	44
5438	469	18
5439	158	29
5440	792	22
5441	81	31
5442	416	28
5443	91	11
5444	681	36
5445	770	19
5447	454	2
5448	183	31
5449	454	40
5450	44	34
5451	701	29
5452	671	45
5454	83	37
5455	707	29
5456	154	16
5457	751	22
5458	34	12
5459	1026	10
5460	420	31
5461	1035	45
5462	23	22
5463	923	4
5464	306	8
5465	1	16
5466	434	17
5467	229	5
5468	347	18
5469	576	44
5470	195	16
5471	207	36
5472	514	14
5473	55	20
5474	446	8
5475	448	1
5476	1053	9
5477	1018	4
5478	239	30
5479	67	38
5480	801	11
5481	8	12
5482	1004	20
5483	914	38
5484	947	11
5485	774	5
5486	256	9
5487	79	44
5488	66	31
5489	667	34
5490	334	32
5491	27	4
5492	305	35
5494	4	9
5495	945	34
5497	182	10
5498	146	2
5499	992	45
5500	990	31
5501	899	26
5502	1126	12
5503	93	12
5504	46	33
5505	1059	41
5506	521	14
5507	94	19
5508	603	15
5509	928	45
5510	322	38
5511	120	2
5513	698	2
5515	268	19
5516	483	10
5517	1092	33
5518	220	21
5519	1095	21
5520	472	33
5522	802	45
5523	96	28
5524	381	6
5525	279	6
5526	154	42
5527	31	12
5528	225	8
5529	960	9
5530	747	39
5531	762	18
5532	345	25
5533	493	29
5534	620	44
5535	542	41
5536	805	29
5537	485	31
5538	986	21
5539	1020	27
5540	492	38
5541	1081	37
5542	762	12
5544	888	6
5545	792	40
5546	682	45
5547	75	31
5548	588	18
5549	772	20
5550	61	5
5551	1114	8
5552	690	40
5553	296	6
5554	109	24
5556	309	9
5557	824	34
5558	1095	3
5559	626	31
5560	453	35
5561	566	26
5562	319	18
5563	614	24
5564	1076	28
5565	342	30
5566	836	44
5567	150	14
5568	584	34
5569	107	25
5570	985	39
5571	711	13
5573	345	12
5574	223	1
5575	591	5
5576	608	42
5577	1053	5
5578	359	10
5579	367	32
5580	1051	40
5581	983	22
5582	1021	35
5583	58	14
5584	20	24
5585	200	21
5586	992	38
5587	519	13
5588	901	3
5589	962	39
5590	375	5
5591	617	40
5592	776	41
5593	261	17
5594	149	45
5595	351	31
5596	987	24
5597	486	18
5598	690	41
5599	430	29
5600	718	40
5601	621	36
5602	275	15
5603	92	34
5605	379	5
5606	1108	7
5607	845	19
5608	220	33
5609	780	20
5610	295	7
5611	759	21
5612	731	36
5613	550	24
5614	652	23
5615	77	23
5616	366	14
5617	901	6
5618	635	29
5620	904	37
5621	524	38
5622	37	28
5623	332	28
5624	395	41
5625	486	22
5626	751	30
5627	696	14
5628	871	40
5629	256	2
5630	936	11
5631	537	26
5632	612	31
5633	643	33
5634	157	40
5635	1046	43
5636	592	14
5637	100	42
5638	570	35
5639	405	5
5640	1028	44
5641	864	4
5642	936	42
5643	639	7
5644	1127	34
5645	508	42
5646	114	1
5647	300	41
5648	156	39
5649	714	26
5650	286	38
5651	1030	13
5652	932	12
5653	524	42
5654	899	36
5655	836	45
5656	346	3
5657	548	23
5658	915	17
5659	41	4
5660	865	10
5661	326	5
5662	938	29
5663	823	13
5665	961	15
5666	219	29
5667	353	16
5668	534	4
5669	997	31
5670	996	6
5671	642	15
5672	272	5
5673	956	11
5674	467	21
5675	121	6
5676	837	35
5677	1045	40
5678	454	13
5679	1096	40
5680	41	35
5681	657	4
5682	473	1
5683	364	20
5684	416	6
5685	538	19
5686	78	37
5687	244	2
5688	879	3
5689	926	7
5690	434	12
5691	652	8
5692	184	35
5693	453	37
5694	911	38
5695	263	9
5696	459	27
5698	263	6
5699	1083	27
5700	247	30
5701	831	18
5702	266	3
5703	505	18
5704	686	4
5705	386	31
5706	401	31
5707	954	36
5709	167	26
5710	76	4
5711	876	1
5712	250	22
5713	156	36
5714	664	14
5715	208	6
5716	342	23
5717	784	3
5718	327	24
5719	759	5
5720	103	15
5721	924	13
5722	715	33
5723	569	10
5724	1075	26
5725	571	42
5726	188	39
5727	332	41
5728	541	1
5729	702	22
5730	1127	36
5731	124	37
5732	706	35
5733	843	24
5734	945	18
5735	525	6
5736	323	18
5737	238	10
5738	558	6
5740	809	1
5741	376	42
5742	940	43
5743	152	21
5744	411	26
5745	952	24
5746	1111	13
5747	347	16
5748	520	1
5749	966	45
5751	374	35
5752	877	29
5753	1059	10
5754	717	20
5755	1115	38
5756	1114	14
5757	759	38
5758	106	17
5759	930	7
5760	942	14
5761	413	8
5762	719	5
5763	354	43
5764	807	30
5765	295	12
5766	43	31
5767	775	17
5769	490	33
5770	1087	23
5771	983	9
5772	46	22
5773	422	6
5774	91	2
5775	458	8
5776	816	7
5777	868	32
5778	1125	24
5779	994	31
5780	174	29
5781	742	21
5782	618	27
5783	40	36
5784	130	10
5785	342	33
5786	707	4
5787	676	37
5788	897	20
5789	992	10
5790	734	25
5791	958	25
5792	358	37
5793	691	32
5794	775	31
5795	1056	8
5796	79	28
5797	289	44
5798	471	26
5799	652	13
5800	488	27
5801	600	34
5802	61	8
5803	1042	18
5804	1024	17
5805	826	36
5806	1031	15
5807	984	37
5808	407	45
5809	153	23
5810	1026	37
5811	656	5
5812	1046	29
5813	1025	29
5814	875	29
5815	415	22
5816	856	39
5817	101	6
5818	252	40
5819	103	27
5820	390	25
5821	1052	36
5822	732	22
5823	891	28
5824	220	31
5825	831	25
5826	334	29
5827	1067	37
5828	577	25
5829	1058	15
5830	440	27
5831	102	11
5832	777	18
5833	1091	15
5834	25	32
5835	813	5
5836	464	19
5837	515	36
5838	508	35
5840	102	25
5841	225	25
5842	510	11
5843	149	39
5844	432	15
5845	881	40
5846	291	30
5847	1110	45
5848	953	1
5849	664	20
5850	542	12
5851	567	19
5852	480	28
5853	1044	12
5854	790	14
5855	99	15
5856	31	39
5857	755	29
5858	104	40
5860	598	44
5861	301	4
5862	1011	5
5863	802	30
5864	781	20
5865	962	15
5866	428	32
5867	942	40
5868	84	35
5869	879	34
5870	234	32
5871	1109	39
5872	411	22
5873	734	14
5874	82	18
5875	268	8
5876	915	22
5877	737	24
5879	764	29
5880	1023	15
5881	526	18
5882	273	7
5883	781	44
5884	87	40
5885	218	3
5886	513	13
5887	958	28
5888	1106	36
5889	361	6
5890	235	40
5891	488	22
5892	1	3
5893	156	23
5894	917	28
5895	277	1
5896	937	43
5897	769	10
5898	491	25
5899	571	9
5900	553	39
5901	315	16
5902	39	9
5903	379	7
5904	699	23
5905	890	33
5906	539	24
5907	918	12
5908	223	33
5909	586	19
5911	322	31
5912	202	6
5914	490	23
5915	985	33
5916	595	16
5917	504	25
5918	792	10
5919	973	39
5920	677	10
5922	409	32
5923	800	25
5924	56	8
5925	86	35
5926	484	15
5927	1037	28
5928	120	32
5930	539	5
5931	132	5
5932	129	26
5933	196	44
5934	439	22
5935	101	16
5936	461	9
5937	472	24
5938	679	21
5939	683	26
5940	190	15
5941	1043	44
5942	159	22
5943	1082	42
5944	1029	3
5946	42	7
5947	783	43
5948	481	18
5949	717	3
5950	540	35
5951	246	18
5952	560	39
5953	273	6
5954	44	45
5955	158	38
5956	109	35
5957	631	24
5958	963	39
5959	851	33
5960	170	3
5961	201	14
5962	388	39
5963	914	5
5964	117	28
5965	775	22
5966	330	28
5968	938	36
5969	242	37
5970	446	22
5971	144	30
5972	118	34
5973	637	35
5974	926	1
5975	485	21
5976	366	22
5977	1032	7
5978	63	8
5979	328	45
5980	347	25
5981	557	43
5982	997	9
5983	137	10
5984	842	16
5985	78	33
5986	945	35
5987	106	4
5988	778	18
5989	6	9
5990	778	13
5991	1057	18
5992	68	35
5993	1119	29
5994	549	22
5995	608	24
5996	943	27
5997	494	12
5998	258	32
5999	75	33
6000	728	34
6001	910	13
6002	228	35
6003	816	14
6004	131	4
6005	987	10
6006	814	20
6007	131	36
6008	601	24
6009	852	6
6010	327	20
6011	197	34
6012	941	6
6013	760	13
6014	594	16
6015	865	9
6016	704	2
6017	67	13
6018	502	14
6019	141	32
6020	383	1
6021	66	4
6022	537	8
6023	851	26
6024	981	32
6025	779	16
6026	252	14
6027	184	11
6028	975	18
6029	13	32
6030	348	7
6031	727	1
6032	443	39
6033	1021	17
6034	127	8
6035	434	42
6036	587	13
6037	1030	4
6038	310	38
6039	496	34
6040	907	43
6041	374	32
6042	747	8
6043	508	24
6044	399	42
6045	138	32
6046	396	22
6047	401	19
6048	436	42
6049	107	5
6050	65	3
6051	816	35
6052	331	17
6053	74	38
6054	110	20
6055	454	43
6056	1046	20
6057	905	7
6058	444	23
6059	860	35
6060	534	15
6061	500	4
6062	799	30
6063	627	24
6064	749	3
6065	828	45
6066	200	5
6067	906	10
6068	445	41
6069	289	45
6070	1010	40
6071	1108	6
6073	491	10
6074	236	8
6075	174	25
6076	207	39
6077	1013	14
6078	712	8
6079	150	37
6080	211	37
6081	80	16
6082	472	10
6083	731	39
6085	507	9
6086	445	22
6087	766	10
6088	1101	43
6089	1006	9
6090	899	34
6091	931	1
6092	772	43
6093	210	27
6094	1023	24
6096	278	33
6097	398	4
6098	195	29
6099	139	12
6100	239	42
6101	460	17
6102	706	24
6103	343	23
6104	999	9
6105	533	23
6106	602	3
6107	481	29
6108	113	17
6109	121	10
6110	420	44
6111	538	45
6112	973	36
6113	1028	22
6114	747	40
6115	587	23
6116	684	23
6117	859	35
6118	29	24
6119	780	1
6120	396	16
6121	161	38
6122	593	19
6124	178	21
6125	135	35
6126	106	3
6127	57	22
6128	367	2
6129	947	41
6130	803	28
6131	28	27
6132	737	39
6133	557	26
6134	1115	43
6135	235	41
6136	580	17
6137	558	20
6138	564	41
6139	633	42
6140	8	28
6141	72	30
6142	616	29
6143	1022	24
6144	13	17
6145	536	14
6146	187	5
6147	817	32
6148	930	12
6149	989	23
6150	823	33
6151	832	43
6152	102	27
6153	919	40
6154	723	22
6155	1096	10
6156	97	5
6157	925	34
6158	995	5
6159	45	5
6160	413	23
6161	810	10
6162	419	9
6163	231	14
6164	889	2
6165	798	14
6166	603	22
6167	129	20
6168	58	22
6169	1051	44
6170	271	28
6171	760	4
6172	30	43
6173	479	17
6174	862	33
6175	662	26
6176	500	22
6177	562	37
6178	976	39
6179	819	24
6180	1015	24
6181	793	44
6182	647	8
6183	407	37
6184	1083	30
6185	50	7
6186	842	30
6187	763	19
6188	953	20
6189	513	9
6190	803	36
6191	849	2
6192	364	29
6193	296	40
6194	719	22
6195	957	39
6196	881	41
6197	1008	5
6198	890	36
6200	651	2
6201	140	4
6202	477	13
6203	145	41
6204	573	1
6205	791	8
6206	718	45
6207	132	29
6208	1102	41
6209	523	18
6210	777	12
6211	728	5
6212	231	37
6213	588	11
6214	611	4
6215	716	13
6216	1001	42
6217	863	2
6218	864	9
6219	3	17
6220	77	11
6221	971	32
6222	983	28
6223	77	8
6224	977	8
6225	391	25
6226	196	17
6227	456	45
6228	759	37
6230	1120	37
6231	331	43
6232	692	12
6234	811	28
6235	172	41
6236	386	22
6237	835	43
6238	390	35
6239	406	7
6240	886	7
6241	316	21
6242	12	26
6243	455	39
6244	441	17
6245	810	13
6246	6	33
6247	318	26
6248	156	7
6249	192	26
6250	419	10
6252	426	1
6253	850	19
6254	745	10
6255	791	17
6256	1084	28
6257	917	32
6258	284	12
6259	371	25
6260	1014	21
6261	381	23
6262	429	26
6263	925	2
6264	417	12
6265	230	43
6266	850	8
6267	852	24
6268	599	41
6269	574	17
6270	302	37
6271	168	7
6272	825	6
6273	779	42
6274	100	29
6275	910	12
6276	10	12
6277	340	15
6278	708	35
6280	612	44
6281	238	28
6282	72	34
6283	533	40
6284	58	38
6285	519	32
6286	1008	44
6287	98	23
6288	1005	2
6289	612	35
6290	67	29
6291	585	36
6292	464	2
6293	970	30
6294	873	2
6295	911	10
6296	991	27
6297	164	16
6298	51	28
6299	602	29
6300	648	6
6301	341	26
6302	814	26
6303	715	21
6304	402	43
6305	250	7
6306	713	3
6307	607	34
6308	1118	2
6309	500	13
6310	446	18
6311	703	20
6312	761	28
6313	502	43
6314	244	3
6315	462	42
6316	1045	12
6317	546	11
6318	800	8
6319	898	17
6320	153	32
6321	1048	40
6322	961	39
6323	530	21
6324	630	6
6325	154	4
6326	709	39
6327	154	39
6328	879	35
6329	56	22
6330	846	32
6331	1121	38
6332	796	25
6333	815	21
6334	850	23
6335	160	22
6336	508	11
6337	279	41
6338	764	28
6339	161	21
6340	614	28
6342	512	24
6343	1113	18
6344	923	28
6345	19	26
6346	210	45
6347	650	21
6348	370	29
6349	931	43
6350	358	39
6351	460	26
6352	1077	37
6353	1056	6
6354	1038	25
6355	718	5
6356	761	35
6357	656	20
6359	24	11
6360	233	26
6361	518	14
6362	105	2
6363	515	1
6364	200	11
6365	89	25
6366	836	33
6368	1087	26
6369	1099	35
6370	171	42
6371	347	7
6372	392	2
6373	480	21
6374	477	45
6375	876	5
6376	917	23
6377	994	16
6378	104	11
6379	548	12
6380	164	2
6381	886	1
6382	393	6
6383	533	13
6384	186	35
6385	590	35
6386	1041	1
6387	643	27
6388	102	45
6389	117	37
6390	1060	45
6391	1068	25
6392	1032	19
6393	440	28
6394	544	1
6395	463	25
6396	752	43
6397	494	17
6398	941	5
6400	356	10
6401	585	26
6402	928	15
6403	913	9
6404	482	33
6405	36	23
6407	1078	13
6408	706	20
6409	967	42
6410	378	19
6411	209	19
6412	305	23
6413	884	30
6414	882	39
6415	94	43
6416	299	42
6417	371	38
6418	943	26
6419	210	6
6420	624	44
6421	280	25
6422	360	37
6423	10	18
6424	989	14
6425	471	23
6426	681	29
6427	127	19
6428	576	21
6429	510	27
6430	994	6
6431	522	43
6432	893	43
6433	766	37
6434	81	21
6435	673	19
6436	494	14
6437	763	20
6438	846	30
6439	870	16
6440	1122	41
6441	531	12
6442	646	34
6443	833	14
6444	157	20
6445	422	24
6446	267	40
6447	409	29
6448	615	8
6449	1110	35
6450	913	35
6451	1003	38
6452	1003	15
6453	974	20
6454	654	27
6455	235	2
6456	322	36
6457	343	43
6458	373	16
6459	991	45
6460	1104	31
6461	146	27
6462	1120	9
6463	706	42
6464	1035	20
6466	1124	9
6467	900	39
6468	1109	25
6469	324	36
6470	1042	9
6471	323	20
6472	798	11
6473	268	40
6474	403	17
6475	3	10
6476	719	1
6477	965	4
6478	543	31
6479	743	28
6480	69	37
6481	68	28
6482	1044	41
6483	421	22
6484	828	31
6485	906	33
6486	701	39
6487	270	5
6488	1003	33
6489	546	23
6490	497	43
6491	695	43
6492	298	38
6493	225	40
6494	1125	32
6495	613	11
6496	253	16
6497	628	5
6498	664	24
6499	747	7
6500	229	28
6501	474	24
6502	823	42
6503	666	45
6504	205	29
6505	418	39
6506	959	33
6507	728	45
6508	5	3
6509	1123	8
6510	216	19
6511	722	11
6512	1127	30
6513	942	44
6514	413	44
6515	556	1
6517	1059	39
6518	793	24
6519	279	40
6520	501	27
6521	461	37
6522	356	12
6523	581	33
6524	854	36
6526	533	34
6527	1127	27
6528	1104	32
6529	99	37
6530	407	3
6531	680	38
6532	244	30
6533	858	37
6534	475	33
6535	627	6
6536	488	42
6537	653	24
6538	10	16
6539	457	13
6540	209	29
6541	756	7
6542	635	22
6543	299	14
6544	492	16
6545	904	19
6546	17	29
6547	604	45
6548	674	3
6549	870	43
6550	685	28
6551	564	20
6552	60	15
6554	946	38
6555	458	34
6556	274	2
6557	264	3
6558	654	14
6559	427	14
6560	80	17
6561	228	15
6562	584	45
6563	458	11
6564	694	40
6565	245	34
6566	769	7
6567	621	20
6568	847	43
6569	71	18
6570	79	19
6571	984	23
6572	433	12
6573	722	1
6574	123	20
6575	537	44
6576	83	24
6577	710	26
6578	849	43
6580	695	40
6581	540	2
6582	392	4
6583	452	45
6584	273	23
6585	764	43
6586	39	25
6587	410	45
6588	1015	6
6589	466	41
6590	806	29
6591	241	4
6592	94	9
6593	525	5
6594	457	34
6595	654	20
6596	69	30
6597	920	10
6598	61	6
6599	809	8
6600	11	43
6601	335	25
6602	549	43
6603	88	27
6604	872	13
6605	870	26
6606	640	9
6607	542	5
6608	15	37
6609	81	25
6610	328	42
6611	388	41
6612	166	2
6613	44	32
6614	499	9
6615	757	36
6616	1080	40
6617	618	7
6618	813	45
6619	425	27
6620	1054	31
6621	893	1
6622	507	38
6623	663	33
6624	239	39
6625	192	33
6626	982	43
6627	894	26
6628	287	24
6629	670	17
6630	94	16
6633	713	8
6634	809	18
6635	264	6
6636	577	41
6637	694	33
6639	757	38
6640	118	30
6641	243	6
6642	44	19
6643	611	24
6644	606	8
6645	106	41
6646	617	10
6647	195	38
6648	565	15
6649	936	20
6650	827	26
6651	535	16
6652	447	13
6653	660	2
6654	1004	36
6655	66	27
6656	684	2
6658	841	7
6659	402	28
6660	447	39
6661	339	16
6662	401	2
6663	498	28
6664	1011	20
6665	751	21
6666	7	23
6668	330	4
6669	466	44
6670	14	24
6671	441	44
6672	73	19
6674	1023	3
6675	160	45
6676	6	39
6677	581	37
6678	578	18
6679	888	38
6680	157	18
6681	746	14
6682	870	17
6684	628	26
6685	208	25
6686	555	14
6687	687	31
6688	529	32
6689	1097	21
6690	191	24
6691	442	17
6692	137	32
6693	984	18
6694	1001	38
6695	384	25
6696	326	35
6697	711	39
6698	1114	37
6699	313	22
6700	13	37
6701	36	22
6702	1125	3
6703	675	32
6704	214	33
6705	253	38
6706	874	1
6707	165	25
6708	374	29
6709	81	24
6710	131	28
6711	619	5
6712	852	21
6713	907	6
6714	703	26
6715	1045	1
6716	785	3
6717	938	8
6718	526	31
6719	132	44
6720	892	7
6721	834	22
6722	1093	15
6723	505	4
6724	167	27
6725	661	35
6726	512	43
6728	945	13
6729	499	27
6730	426	3
6731	143	32
6732	308	44
6733	1004	27
6734	961	10
6735	47	40
6736	372	8
6737	817	45
6738	1078	5
6739	345	18
6740	788	11
6741	611	12
6742	1013	37
6744	592	10
6745	789	11
6746	632	32
6747	698	30
6748	557	45
6749	830	20
6750	924	1
6751	1094	40
6752	92	24
6753	465	29
6754	1113	38
6755	46	39
6756	79	25
6758	572	17
6759	991	30
6760	87	45
6761	1038	39
6762	680	16
6763	457	3
6764	149	7
6765	172	32
6766	976	3
6767	507	8
6768	576	3
6769	1059	34
6770	64	9
6771	604	43
6772	30	5
6773	869	43
6774	294	23
6775	121	9
6776	934	43
6777	1087	12
6778	907	29
6779	77	32
6780	1025	3
6781	927	30
6782	169	40
6783	1069	14
6784	604	11
6785	926	23
6786	273	4
6787	1115	20
6788	325	14
6789	871	35
6790	297	8
6791	574	5
6792	172	18
6793	500	44
6794	640	33
6795	213	25
6796	948	21
6797	214	19
6798	488	21
6799	875	36
6800	176	32
6801	661	36
6802	714	41
6803	1064	33
6804	649	34
6805	849	23
6806	245	17
6807	902	33
6808	167	18
6809	300	33
6810	958	2
6811	954	11
6812	52	20
6813	332	16
6814	610	32
6815	949	34
6816	702	16
6817	504	16
6819	1064	41
6820	960	16
6821	495	40
6822	1037	27
6823	563	41
6824	377	43
6825	802	31
6826	657	18
6827	28	41
6828	887	14
6829	30	8
6830	636	32
6831	530	2
6832	905	9
6833	694	30
6834	138	35
6835	207	25
6836	813	14
6837	11	41
6838	550	14
6839	69	11
6840	605	42
6841	22	16
6842	854	44
6843	933	29
6844	206	22
6845	998	6
6846	868	19
6847	841	12
6848	449	1
6850	213	11
6851	931	29
6852	275	44
6853	107	28
6854	270	13
6855	623	6
6856	433	6
6857	339	41
6858	431	32
6859	1079	6
6861	830	3
6862	623	10
6863	15	2
6864	852	28
6865	755	30
6866	417	34
6867	518	44
6868	175	1
6869	229	37
6870	784	18
6871	79	7
6872	476	28
6873	122	45
6874	912	14
6875	42	35
6876	587	2
6877	1009	21
6878	749	5
6879	538	35
6880	20	45
6881	60	37
6882	1079	15
6883	2	24
6884	304	34
6885	667	26
6886	1038	24
6887	46	20
6888	36	31
6889	1011	43
6890	766	29
6891	746	29
6892	135	21
6893	148	20
6894	1129	9
6895	933	18
6896	402	11
6897	398	30
6898	272	14
6899	839	41
6900	922	9
6901	763	26
6902	1082	19
6903	281	44
6904	194	41
6905	786	34
6906	758	26
6907	195	1
6908	125	36
6909	754	45
6910	872	36
6911	457	35
6912	382	17
6913	334	27
6914	527	9
6915	319	20
6916	199	8
6917	103	18
6918	733	44
6919	641	30
6920	291	38
6921	936	31
6922	645	32
6923	619	17
6924	455	29
6925	83	34
6926	430	35
6927	375	28
6928	431	28
6929	197	12
6930	211	6
6931	545	24
6932	81	26
6934	645	26
6936	503	34
6937	581	14
6938	346	9
6939	1001	27
6940	824	43
6941	817	43
6942	682	12
6943	400	43
6944	971	16
6945	679	28
6946	782	18
6947	435	24
6948	821	40
6949	31	19
6950	753	43
6951	284	22
6952	620	35
6954	409	22
6955	669	24
6956	551	27
6957	175	6
6958	1089	40
6959	80	29
6960	756	33
6961	976	33
6962	213	3
6963	935	24
6965	606	4
6966	789	29
6967	1051	9
6968	604	17
6969	367	1
6970	788	19
6971	68	18
6972	449	28
6973	947	18
6974	1114	30
6975	829	44
6976	349	30
6977	771	30
6978	60	12
6980	1096	45
6981	779	32
6982	493	30
6983	386	2
6984	479	9
6985	217	27
6986	686	16
6987	198	39
6988	108	44
6989	807	33
6990	504	17
6991	597	43
6992	704	6
6993	896	43
6994	593	4
6995	32	3
6996	560	10
6997	265	12
6998	1036	2
6999	93	11
7000	740	34
7001	99	8
7002	85	38
7003	501	32
7004	723	24
7005	646	44
7006	1062	2
7007	875	10
7008	404	23
7009	628	21
7010	70	45
7011	661	26
7012	996	44
7013	806	37
7014	9	19
7015	471	19
7016	502	21
7017	906	23
7018	994	25
7019	70	37
7020	781	37
7021	244	8
7022	161	25
7023	200	45
7024	288	36
7025	180	40
7026	275	21
7027	772	4
7028	582	5
7029	16	17
7030	697	21
7031	767	24
7032	249	7
7033	366	37
7034	398	41
7035	264	18
7036	676	17
7038	623	7
7039	295	42
7041	1097	17
7042	611	29
7043	1018	42
7044	1072	29
7045	401	6
7046	819	21
7047	689	13
7048	487	15
7049	331	16
7050	872	9
7051	1105	15
7052	451	28
7053	706	44
7054	205	3
7055	828	3
7056	166	3
7057	708	22
7058	265	36
7059	1071	13
7060	259	8
7061	776	8
7062	513	35
